WARNING: 2 open meshes merged
     Merged: MainWing
     Merged: HorizontalStabilizer
...Mass Properties...
19 Num Comps
19 Total Num Meshes
9952 Total Num Tris

3.319079738533654e+03             Total Mass
3.722236993986456e+01 1.844160831805533e-08 1.331320418037271e-01       Center of Gravity
3.129157374429543e+05 8.718701604172810e+05 1.145738773059192e+06       Ixx, Iyy, Izz
7.190416537785785e+00 3.386439968128187e+04 4.897457279408104e+02       Ixy, Ixz, Iyz
3.319079738533654e+03             Volume

Name	Mass	cgX	cgY	cgZ	Ixx	Iyy	Izz	Ixy	Ixz	Iyz	Volume
Fuselage_DoubleDeck	2.287821210705309e+03	3.470982305064550e+01	2.675434959915459e-08	2.370895899110737e-08	1.630422624438907e+04	6.779215415295133e+05	6.780011487395266e+05	1.430985400043867e+00	-6.419437573730957e+00	3.996527049478270e+02	2.287821210705309e+03
MainWing	6.837700669729898e+02	3.933872781170062e+01	1.571721167313988e-16	-1.858814976315554e-01	1.956768443836921e+05	2.274991605509754e+04	2.172411078017690e+05	1.169192447330614e+01	2.331502924482347e+03	7.975455796124885e+01	6.837700669729898e+02
HorizontalStabilizer	9.668054879650458e+01	6.950009982060728e+01	3.011813104169000e-15	4.779300001416520e+00	4.524238525617642e+03	1.077183983526910e+03	5.552889747642033e+03	-2.218415874412731e+00	8.272337328724657e+01	5.454848431143553e+00	9.668054879650458e+01
VerticalStabilizer	7.026649155210228e+01	5.980644560274417e+01	3.907511913615931e-16	9.041202261081935e+00	9.860417222712683e+02	1.873269602014722e+03	8.979400704799395e+02	1.173852495681970e+00	5.773624080412371e+02	4.499272909916731e-01	7.026649155210228e+01
Inboard_Engines	4.180016070137159e+01	3.181952833303497e+01	1.550000000000000e+01	-3.600000000000002e+00	6.262747905463672e+01	2.604806428023173e+02	2.701713602188524e+02	2.029945310629918e-01	-7.441352543912669e-01	1.972779761457586e-01	4.180016070137159e+01
Inboard_Engines	4.180016070137163e+01	3.181952833303493e+01	-1.549999999999997e+01	-3.599999999999996e+00	6.390240002587058e+01	2.613786831368789e+02	2.705482408555254e+02	8.033792665950630e-01	-5.324352342938733e-01	1.235992466625170e+00	4.180016070137163e+01
Inboard_Pylons	9.817106611985892e-01	3.265983499256642e+01	1.550000000000000e+01	-1.660348933009183e+00	8.517834043022059e-02	3.047201023383592e+00	3.076940566350470e+00	-1.206631963934778e-02	-1.457265537675010e-02	3.899603661510324e-03	9.817106611985892e-01
Inboard_Pylons	9.817106611985895e-01	3.265983499256641e+01	-1.549999999999999e+01	-1.660348933009182e+00	8.494614548989021e-02	3.047212949097712e+00	3.076696445696016e+00	7.286186022404665e-03	-1.316703643094237e-02	-5.158965825528086e-03	9.817106611985895e-01
Outboard_Engines	4.547255839450706e+01	3.723859172771259e+01	2.650000000000004e+01	-2.600000000000010e+00	8.356541531873872e+01	2.750955901370320e+02	2.962084154769333e+02	-2.773271844693542e+00	-7.645514344997806e-01	5.406373156405221e-01	4.547255839450706e+01
Outboard_Engines	4.547255839450708e+01	3.723859172771257e+01	-2.650000000000003e+01	-2.600000000000009e+00	9.658872256365856e+01	2.749664995060135e+02	3.093608133528715e+02	-3.136762047907308e+00	-1.204982405918897e+00	2.445545966019722e+00	4.547255839450708e+01
Outboard_Pylons	7.091827003080490e-01	4.034450204964092e+01	2.650000000000004e+01	-1.151764008891558e+00	8.328499354071296e-02	2.260006539062974e+00	2.185794248055362e+00	8.347417909434348e-04	-8.836441370113008e-03	-1.944144782847780e-04	7.091827003080490e-01
Outboard_Pylons	7.091827003080500e-01	4.034450204964092e+01	-2.650000000000004e+01	-1.151764008891558e+00	8.257975725600494e-02	2.259231558809529e+00	2.185863992024104e+00	2.115960295371712e-03	-8.211396795000799e-03	-2.505054283693557e-04	7.091827003080500e-01
LH2_CryoTanks_Upper	0.000000000000000e+00	0.000000000000000e+00	0.000000000000000e+00	0.000000000000000e+00	0.000000000000000e+00	0.000000000000000e+00	0.000000000000000e+00	0.000000000000000e+00	0.000000000000000e+00	0.000000000000000e+00	0.000000000000000e+00
LH2_CryoTanks_Upper	0.000000000000000e+00	0.000000000000000e+00	0.000000000000000e+00	0.000000000000000e+00	0.000000000000000e+00	0.000000000000000e+00	0.000000000000000e+00	0.000000000000000e+00	0.000000000000000e+00	0.000000000000000e+00	0.000000000000000e+00
LH2_CryoTanks_Lower	0.000000000000000e+00	0.000000000000000e+00	0.000000000000000e+00	0.000000000000000e+00	0.000000000000000e+00	0.000000000000000e+00	0.000000000000000e+00	0.000000000000000e+00	0.000000000000000e+00	0.000000000000000e+00	0.000000000000000e+00
LH2_CryoTanks_Lower	0.000000000000000e+00	0.000000000000000e+00	0.000000000000000e+00	0.000000000000000e+00	0.000000000000000e+00	0.000000000000000e+00	0.000000000000000e+00	0.000000000000000e+00	0.000000000000000e+00	0.000000000000000e+00	0.000000000000000e+00
ZEROe_Hydrogen_Engine_Pod	2.614195591990199e+00	5.572035782762261e+01	3.911431204808140e-16	5.328274022569659e+00	1.696046141624606e+00	8.484094256316610e+00	9.423889276853430e+00	1.771336054342977e-02	-7.165344903948677e-02	1.594801613442244e-02	2.614195591990199e+00
ZEROe_Dorsal_Pylon	0.000000000000000e+00	0.000000000000000e+00	0.000000000000000e+00	0.000000000000000e+00	0.000000000000000e+00	0.000000000000000e+00	0.000000000000000e+00	0.000000000000000e+00	0.000000000000000e+00	0.000000000000000e+00	0.000000000000000e+00
ZEROe_Dorsal_Pylon	0.000000000000000e+00	0.000000000000000e+00	0.000000000000000e+00	0.000000000000000e+00	0.000000000000000e+00	0.000000000000000e+00	0.000000000000000e+00	0.000000000000000e+00	0.000000000000000e+00	0.000000000000000e+00	0.000000000000000e+00
Name	Mass	cgX	cgY	cgZ	Ixx	Iyy	Izz	Ixy	Ixz	Iyz	Volume
Totals	3.319079738533654e+03	3.722236993986456e+01	1.844160831805533e-08	1.331320418037271e-01	3.129157374429543e+05	8.718701604172810e+05	1.145738773059192e+06	7.190416537785785e+00	3.386439968128187e+04	4.897457279408104e+02	3.319079738533654e+03

...Filling Mass Properties (Volume Only -- No Shell or Point Mass)...
20 Num Slice

Slice	Mass	cgX	cgY	cgZ	Ixx	Iyy	Izz	Ixy	Ixz	Iyz	Volume
1.921166764268613e+00	2.056249081804840e+01	1.921166764268611e+00	-1.840811338507212e-16	1.188681565516344e-16	2.368517188945467e+01	7.489818908576378e+01	7.527651915316149e+01	8.618013862370505e-01	-2.395880044052890e-01	2.482469258268453e-01	2.056249081804840e+01
5.763500292805839e+00	1.105342851591291e+02	5.048718017001694e+00	-9.135468998712759e-17	3.259640802323724e-17	4.464483414561301e+02	8.046606912046552e+02	8.159387536319229e+02	1.727038974243467e+00	-3.421425039178153e-01	7.351171379093995e+00	1.105342851591291e+02
9.605833821343065e+00	2.307496023487797e+02	7.422872149067369e+00	-1.019184688702972e-16	2.138806844700123e-17	1.205959562318777e+03	2.741078773357919e+03	2.770338904325062e+03	4.670706474953423e-01	-6.139993357691297e-01	3.125486744212001e+01	2.307496023487797e+02
1.344816734988029e+01	3.588465268985930e+02	9.573713043082751e+00	7.368718369061120e-17	-1.948168669377177e-18	2.067115333995678e+03	6.544829529920416e+03	6.596504727411052e+03	-3.169666196940289e-01	-1.845787434664393e-01	5.857057261992283e+01	3.588465268985930e+02
1.729050087841752e+01	4.970774293865976e+02	1.171965346146607e+01	2.753034492397979e-16	-2.064243667845658e-17	3.070506769263201e+03	1.339803533368195e+04	1.348184323591936e+04	-3.287114817054825e+00	7.210355521718180e-01	8.484427685306672e+01	4.970774293865976e+02
2.113283440695474e+01	6.457764113318423e+02	1.388716902706834e+01	1.915061763727271e-16	-6.419893267217188e-17	4.217441671608596e+03	2.456029779485933e+04	2.466518947904238e+04	-1.476164181303317e-01	1.349374339296715e+00	1.203036804128818e+02	6.457764113318423e+02
2.497516793549197e+01	8.049481920976564e+02	1.607972818641493e+01	1.728779365995531e-16	-6.764132931163654e-17	5.515728198128941e+03	4.138976245430697e+04	4.151221322689000e+04	-1.077817953297931e+00	-8.635206246938543e-01	1.551610666322836e+02	8.049481920976564e+02
2.881750146402920e+01	1.022175334275946e+03	1.878669047950443e+01	3.704730366542287e-16	-9.878973088442417e-02	1.230129916542103e+04	7.080732702029172e+04	7.572679489467265e+04	-3.373260355346900e+00	-1.016050521745293e+03	1.920818045473907e+02	1.022175334275946e+03
3.265983499256642e+01	1.374227315628020e+03	2.234073714839565e+01	-2.951281348439819e-16	-3.118091746108479e-01	3.736842001501498e+04	1.239668447353093e+05	1.505983864920160e+05	3.539077024021083e+00	-4.041863488701213e+03	2.485463422181349e+02	1.374227315628020e+03
3.650216852110365e+01	1.795119393722298e+03	2.566109249639796e+01	1.033962683245766e-15	-3.970448228388391e-01	1.111484033234381e+05	1.912442468735082e+05	2.889251147919644e+05	-3.027606569357296e+00	-5.706476023708465e+03	3.262946449944975e+02	1.795119393722298e+03
4.034450204964087e+01	2.163575824838299e+03	2.816167353381405e+01	1.390084988259831e-15	-3.724970196255158e-01	1.651508684508849e+05	2.592539963889297e+05	4.090073757176179e+05	6.390365360317800e+00	-5.062595168329392e+03	3.896401066932672e+02	2.163575824838299e+03
4.418683557817810e+01	2.442916211483404e+03	2.999410435582938e+01	1.238767833156959e-15	-3.139832397471080e-01	2.205568397582231e+05	3.244076912149946e+05	5.280448179892207e+05	5.799983047269631e+00	-3.036051261878526e+03	4.363618507555885e+02	2.442916211483404e+03
4.802916910671532e+01	2.644974507312052e+03	3.137186222784256e+01	7.499068711898731e-16	-2.652674017942878e-01	2.726366154398533e+05	3.863655102395772e+05	6.408126617429620e+05	3.600918016072356e+00	-8.936494126256168e+02	4.451350111247135e+02	2.644974507312052e+03
5.187150263525255e+01	2.786652728306465e+03	3.241409922940539e+01	5.259631110766073e-16	-2.393494137941026e-01	2.975794977498436e+05	4.437898824526033e+05	7.222250208210646e+05	2.297817631919528e+00	5.106167222304859e+02	4.520861575450098e+02	2.786652728306465e+03
5.571383616378978e+01	2.913698611631914e+03	3.343003672145146e+01	4.863812819396966e-16	-1.878075623191136e-01	2.989753893803104e+05	5.112329334899620e+05	7.888855190408482e+05	2.921907566119155e+00	3.857061431835477e+03	4.658122670877720e+02	2.913698611631914e+03
5.955616969232700e+01	3.040229494363292e+03	3.451737656645042e+01	2.013307546725646e-08	-9.982379306211363e-02	3.017800200272501e+05	5.969351175904606e+05	8.723109315534823e+05	3.810316017069056e+00	1.055554988709684e+04	4.752296115656647e+02	3.040229494363292e+03
6.339850322086423e+01	3.153827109051912e+03	3.555764509862356e+01	1.940790275952763e-08	-5.854004117123918e-03	3.058046800500789e+05	6.924335081623744e+05	9.642180767613124e+05	4.712551816031741e+00	1.880761380011310e+04	4.822882796733376e+02	3.153827109051912e+03
6.724083674940147e+01	3.252615389200682e+03	3.651992549094913e+01	1.881844688554254e-08	5.423687553867872e-02	3.076248569557124e+05	7.901061699703148e+05	1.061281766410648e+06	7.253819418319271e+00	2.480983723411232e+04	4.885818423134920e+02	3.252615389200682e+03
7.108317027793869e+01	3.310167039523361e+03	3.712085340614111e+01	1.849126326571383e-08	1.184975247419162e-01	3.111216758143616e+05	8.588746614506599e+05	1.131477885487663e+06	7.322084136770677e+00	3.203316339293477e+04	4.896465160977676e+02	3.310167039523361e+03
7.492550380647592e+01	3.319079738533656e+03	3.722236993986454e+01	1.844160882664851e-08	1.331320418037269e-01	3.129157374429565e+05	8.718701604172833e+05	1.145738773059197e+06	7.190416537777728e+00	3.386439968128190e+04	4.897457279408184e+02	3.319079738533656e+03
