WARNING: 4 open meshes merged
     Merged: MainWing_Transonic
     Merged: HorizontalTail
     Merged: MeshGeom
     Merged: MeshGeom
...Mass Properties...
24 Num Comps
24 Total Num Meshes
18016 Total Num Tris

1.826212442709417e+03             Total Mass
3.508942064923051e+01 -1.967813327748310e-07 4.741186546564674e-01       Center of Gravity
4.738801996529741e+04 4.807777210068376e+05 5.172218491529029e+05       Ixx, Iyy, Izz
-1.066591635752669e+01 8.119088402591904e+03 1.039780127771348e+01       Ixy, Ixz, Iyz
1.826212442709417e+03             Volume

Name	Mass	cgX	cgY	cgZ	Ixx	Iyy	Izz	Ixy	Ixz	Iyz	Volume
Fuselage_MainDeck	1.319757001957472e+03	3.356826535537940e+01	-3.157322340192237e-07	-2.831296391566840e-08	4.631810558492596e+03	3.592262138040434e+05	3.595595841384049e+05	-8.276768527196921e+00	-1.148522690690094e+00	7.626871405589990e+00	1.319757001957472e+03
LH2_Tank_1_Fwd	6.360880117902530e+01	1.576067944613414e+01	7.513539528993740e-07	3.117559640833385e+00	7.753857940865717e+01	7.034702356242084e+02	7.457738589902590e+02	-3.521204473885717e-01	9.025164808985831e+00	3.767161130188847e-01	6.360880117902530e+01
LH2_Tank_2_MidFwd	5.217810346033325e+01	3.078951894823347e+01	-8.691000599632924e-07	3.266428007019545e+00	5.826807689244410e+01	5.606401626881594e+02	5.971803742113176e+02	-2.653652944858686e-01	2.925332758495117e+00	3.138537017044416e-01	5.217810346033325e+01
LH2_Tank_3_MidAft	6.020440251796447e+01	4.606634550714399e+01	2.061609576972051e-07	3.160511983068130e+00	7.163069078634308e+01	6.593939662094419e+02	7.000102779290994e+02	-3.240604366053081e-01	-1.117423956692095e+01	3.558083137165292e-01	6.020440251796447e+01
LH2_Tank_4_Aft	8.377671776380343e+01	6.116687389222972e+01	-4.136494501120424e-09	2.859617597582117e+00	1.143917246213255e+02	1.004874260261542e+03	1.045093501056916e+03	-3.766634128868700e-01	-3.784963312450230e+01	4.708125378199349e-01	8.377671776380343e+01
MainWing_Transonic	1.522655433581920e+02	3.623157076632469e+01	2.727691490197293e-07	-1.375056016477727e-03	2.595469712106111e+04	2.109476089739252e+03	2.794208771128402e+04	-7.475765397631561e-01	2.942005995366874e+02	8.063411641110566e-01	1.522655433581920e+02
HorizontalTail	1.387932701812083e+01	6.323212266642278e+01	-9.284165589062903e-16	2.700752276348626e+00	3.770621084735303e+02	2.907998197240707e+01	4.044600614072287e+02	-2.652163782829768e-02	3.182727647032241e+00	6.430773622277484e-02	1.387932701812083e+01
VerticalTail	1.716205526409730e+01	5.632406051235382e+01	7.469725494498003e-08	6.733027833089086e+00	1.003829179152098e+02	1.730496336953660e+02	7.382293089765146e+01	1.066746072464432e-02	6.567884616163391e+01	-8.636448051974845e-04	1.716205526409730e+01
Engine_Inboard_Port	1.585019055056252e+01	2.689001811731020e+01	-9.499999999999760e+00	-1.799999999999975e+00	1.132715767867331e+01	2.372739731206104e+01	2.431368273434919e+01	-7.989825732222260e-02	-1.077505912289027e-02	9.794227305587766e-02	1.585019055056252e+01
Engine_Inboard_Stbd	1.585019055056252e+01	2.689001811731006e+01	9.499999999999845e+00	-1.799999999999971e+00	1.134926437534306e+01	2.372723941312219e+01	2.433594732995779e+01	-7.334710200269794e-02	-1.147759019223536e-02	1.016023890382772e-01	1.585019055056252e+01
Engine_Outboard_Port	1.584005454475588e+01	3.341119817203475e+01	-1.780000000000001e+01	-8.999999999999840e-01	1.127569399318657e+01	2.368731568198918e+01	2.424773021840000e+01	-8.103295145306767e-02	-1.178428328541672e-02	8.792662990839380e-02	1.584005454475588e+01
Engine_Outboard_Stbd	1.584005454475582e+01	3.341119817203491e+01	1.780000000000009e+01	-8.999999999999907e-01	1.129556838809425e+01	2.368835772093126e+01	2.426656257436567e+01	-7.333614561349168e-02	-1.164144041960440e-02	9.626459517619509e-02	1.584005454475582e+01
MeshGeom	0.000000000000000e+00	0.000000000000000e+00	0.000000000000000e+00	0.000000000000000e+00	0.000000000000000e+00	0.000000000000000e+00	0.000000000000000e+00	0.000000000000000e+00	0.000000000000000e+00	0.000000000000000e+00	0.000000000000000e+00
MeshGeom	0.000000000000000e+00	0.000000000000000e+00	0.000000000000000e+00	0.000000000000000e+00	0.000000000000000e+00	0.000000000000000e+00	0.000000000000000e+00	0.000000000000000e+00	0.000000000000000e+00	0.000000000000000e+00	0.000000000000000e+00
MeshGeom	0.000000000000000e+00	0.000000000000000e+00	0.000000000000000e+00	0.000000000000000e+00	0.000000000000000e+00	0.000000000000000e+00	0.000000000000000e+00	0.000000000000000e+00	0.000000000000000e+00	0.000000000000000e+00	0.000000000000000e+00
MeshGeom	0.000000000000000e+00	0.000000000000000e+00	0.000000000000000e+00	0.000000000000000e+00	0.000000000000000e+00	0.000000000000000e+00	0.000000000000000e+00	0.000000000000000e+00	0.000000000000000e+00	0.000000000000000e+00	0.000000000000000e+00
MeshGeom	0.000000000000000e+00	0.000000000000000e+00	0.000000000000000e+00	0.000000000000000e+00	0.000000000000000e+00	0.000000000000000e+00	0.000000000000000e+00	0.000000000000000e+00	0.000000000000000e+00	0.000000000000000e+00	0.000000000000000e+00
MeshGeom	0.000000000000000e+00	0.000000000000000e+00	0.000000000000000e+00	0.000000000000000e+00	0.000000000000000e+00	0.000000000000000e+00	0.000000000000000e+00	0.000000000000000e+00	0.000000000000000e+00	0.000000000000000e+00	0.000000000000000e+00
MeshGeom	0.000000000000000e+00	0.000000000000000e+00	0.000000000000000e+00	0.000000000000000e+00	0.000000000000000e+00	0.000000000000000e+00	0.000000000000000e+00	0.000000000000000e+00	0.000000000000000e+00	0.000000000000000e+00	0.000000000000000e+00
MeshGeom	0.000000000000000e+00	0.000000000000000e+00	0.000000000000000e+00	0.000000000000000e+00	0.000000000000000e+00	0.000000000000000e+00	0.000000000000000e+00	0.000000000000000e+00	0.000000000000000e+00	0.000000000000000e+00	0.000000000000000e+00
MeshGeom	0.000000000000000e+00	0.000000000000000e+00	0.000000000000000e+00	0.000000000000000e+00	0.000000000000000e+00	0.000000000000000e+00	0.000000000000000e+00	0.000000000000000e+00	0.000000000000000e+00	0.000000000000000e+00	0.000000000000000e+00
MeshGeom	0.000000000000000e+00	0.000000000000000e+00	0.000000000000000e+00	0.000000000000000e+00	0.000000000000000e+00	0.000000000000000e+00	0.000000000000000e+00	0.000000000000000e+00	0.000000000000000e+00	0.000000000000000e+00	0.000000000000000e+00
MeshGeom	0.000000000000000e+00	0.000000000000000e+00	0.000000000000000e+00	0.000000000000000e+00	0.000000000000000e+00	0.000000000000000e+00	0.000000000000000e+00	0.000000000000000e+00	0.000000000000000e+00	0.000000000000000e+00	0.000000000000000e+00
MeshGeom	0.000000000000000e+00	0.000000000000000e+00	0.000000000000000e+00	0.000000000000000e+00	0.000000000000000e+00	0.000000000000000e+00	0.000000000000000e+00	0.000000000000000e+00	0.000000000000000e+00	0.000000000000000e+00	0.000000000000000e+00
Name	Mass	cgX	cgY	cgZ	Ixx	Iyy	Izz	Ixy	Ixz	Iyz	Volume
Totals	1.826212442709417e+03	3.508942064923051e+01	-1.967813327748310e-07	4.741186546564674e-01	4.738801996529741e+04	4.807777210068376e+05	5.172218491529029e+05	-1.066591635752669e+01	8.119088402591904e+03	1.039780127771348e+01	1.826212442709417e+03

...Filling Mass Properties (Volume Only -- No Shell or Point Mass)...
100 Num Slice

Slice	Mass	cgX	cgY	cgZ	Ixx	Iyy	Izz	Ixy	Ixz	Iyz	Volume
3.424999999999999e-01	1.260649197039691e-01	3.424999999999997e-01	-4.372739405756689e-17	2.542477859770023e-17	4.823887121809430e-03	1.444198644286793e-02	1.502890565731438e-02	1.362643302229951e-04	-1.793661435266417e-05	9.454703541959910e-05	1.260649197039691e-01
1.027500000000000e+00	1.260649197039692e+00	9.589999999999999e-01	1.319857771833467e-16	1.316283252220894e-16	3.530225861093297e-01	3.330550752916596e-01	3.729126221079693e-01	-4.592521673542408e-03	-7.211426204765586e-04	6.804165548004709e-03	1.260649197039692e+00
1.712500000000000e+00	3.659129717325347e+00	1.452902980120710e+00	4.011400271892759e-16	1.185276302162729e-16	1.789911248735931e+00	1.715304285855335e+00	1.834796061782987e+00	-1.616045963226565e-02	-2.374198016959436e-03	1.888934266134686e-02	3.659129717325347e+00
2.397500000000000e+00	7.566816784430941e+00	1.940715710806032e+00	-4.077529742257639e-16	1.091858286020863e-16	5.519116962881123e+00	5.576157798718699e+00	5.839296587010763e+00	-3.973279265693098e-02	-5.647038397709943e-03	4.154972364662830e-02	7.566816784430941e+00
3.082500000000000e+00	1.297431025842090e+01	2.416593886180595e+00	-1.423332035543451e-15	8.178745151998743e-17	1.255585367515650e+01	1.363899242898713e+01	1.409328316403769e+01	-7.233586060634403e-02	-1.001480203280016e-02	6.961154032899439e-02	1.297431025842090e+01
3.767500000000000e+00	1.973989341103034e+01	2.879598799839695e+00	7.941736260683927e-16	1.101334308066601e-16	2.351694014285269e+01	2.776688437908006e+01	2.847946340388338e+01	-1.135551783783808e-01	-1.582510288457954e-02	1.122479125919996e-01	1.973989341103034e+01
4.452500000000001e+00	2.801549089917443e+01	3.344223791348576e+00	3.212348953185911e-15	1.123012786935739e-16	3.982047398734105e+01	5.099941204614403e+01	5.202062678521047e+01	-1.681907682606104e-01	-2.331252279997161e-02	1.613717171764840e-01	2.801549089917443e+01
5.137500000000000e+00	3.734002530008837e+01	3.792039923328320e+00	3.834845111854323e-15	1.071697020383195e-16	6.045545268101814e+01	8.455667518230686e+01	8.591751498861827e+01	-2.301651427875296e-01	-3.177180529647450e-02	2.135757764378150e-01	3.734002530008837e+01
5.822500000000001e+00	4.769543859173205e+01	4.232884035196117e+00	1.968194900991481e-15	1.047956134482616e-16	8.584869880783494e+01	1.315019869369316e+02	1.332373762718768e+02	-2.995178720458016e-01	-4.109556519829446e-02	2.706965252695006e-01	4.769543859173205e+01
6.507500000000001e+00	5.903911241233396e+01	4.669924846237802e+00	-2.192046015998538e-16	9.301374944055842e-17	1.162871002253486e+02	1.950293643133950e+02	1.971942782948745e+02	-3.757906351608680e-01	-5.146574781737350e-02	3.366986342076365e-01	5.903911241233396e+01
7.192500000000001e+00	7.078447531696875e+01	5.088499124036375e+00	-2.322863673583334e-15	6.508734996768655e-17	1.489050843513653e+02	2.746006795929354e+02	2.772143229965362e+02	-4.536362066330432e-01	-6.193598296334584e-02	4.065807982869339e-01	7.078447531696875e+01
7.877500000000000e+00	8.293850633645950e+01	5.497206787788302e+00	-3.835071803473977e-15	4.019721084946719e-17	1.838193782628796e+02	3.736971121323235e+02	3.767808934607277e+02	-5.299789239996772e-01	-7.268338769549597e-02	4.828388157172437e-01	8.293850633645950e+01
8.562500000000000e+00	9.537255683464804e+01	5.896839678604850e+00	4.520499348801413e-09	1.501100287009430e-04	2.203466265414087e+02	4.945267994064799e+02	4.981074523096202e+02	-6.148421201543470e-01	-4.582804445652298e-02	5.597142052411526e-01	9.537255683464804e+01
9.247500000000000e+00	1.083756132587875e+02	6.298856552208962e+00	3.978122357679055e-09	1.098091147919249e-02	2.608183325422733e+02	6.457246192403743e+02	6.468614334654657e+02	-6.978725542937678e-01	3.403614027233302e+00	6.384638058777415e-01	1.083756132587875e+02
9.932499999999999e+00	1.223929317778365e+02	6.715007524756912e+00	3.522517895617049e-09	4.030579017705851e-02	3.098829032026147e+02	8.401870746899029e+02	8.319632023362149e+02	-7.828807768148223e-01	1.493977610717008e+01	7.207851765759932e-01	1.223929317778365e+02
1.061750000000000e+01	1.376581731882593e+02	7.147764173760750e+00	3.131896128462597e-09	8.816917557460631e-02	3.711318290764547e+02	1.088276856865478e+03	1.061508463540232e+03	-8.804939098592013e-01	3.778781779941568e+01	8.097560278637507e-01	1.376581731882593e+02
1.130250000000000e+01	1.540733237910013e+02	7.590414547129923e+00	2.798218896148353e-09	1.468266413250676e-01	4.443346830229539e+02	1.392967448524250e+03	1.339563075218851e+03	-9.798507293831080e-01	7.132187134747356e+01	9.034814388432179e-01	1.540733237910013e+02
1.198750000000000e+01	1.712691553403736e+02	8.031892410470080e+00	2.517269634621988e-09	2.047635942680785e-01	5.251222053145384e+02	1.749454907115516e+03	1.665404272049290e+03	-1.082319846029822e+00	1.105582148433858e+02	1.004804424110176e+00	1.712691553403736e+02
1.267250000000000e+01	1.888044039466409e+02	8.462889813420112e+00	2.283476248178278e-09	2.544026830016165e-01	6.081840451303096e+02	2.150701536509273e+03	2.035755194110437e+03	-1.192466550321234e+00	1.499959640012175e+02	1.107917065376518e+00	1.888044039466409e+02
1.335750000000000e+01	2.064987958660660e+02	8.882297348320808e+00	2.087809245219516e-09	2.949512702363076e-01	6.915482429202191e+02	2.596618800626666e+03	2.451830668749600e+03	-1.303993307468027e+00	1.874526416656213e+02	1.209593411136918e+00	2.064987958660660e+02
1.404250000000000e+01	2.243533215501196e+02	9.292957507674593e+00	1.921655602077627e-09	3.284716942251641e-01	7.754495329599122e+02	3.092397764515146e+03	2.918622659977847e+03	-1.416127843573770e+00	2.231557307852304e+02	1.312986746457147e+00	2.243533215501196e+02
1.472750000000000e+01	2.423689682046463e+02	9.696915151245840e+00	1.778814889442412e-09	3.564485600892194e-01	8.600535399906956e+02	3.643128984573833e+03	3.441074595414409e+03	-1.529923556171442e+00	2.572513571398914e+02	1.415617603755418e+00	2.423689682046463e+02
1.541250000000000e+01	2.605466758518724e+02	1.009567759975481e+01	1.654710161676806e-09	3.799775415916690e-01	9.454991705653275e+02	4.253859915714754e+03	4.024138836372024e+03	-1.645882850803812e+00	2.898294154606105e+02	1.518977236030228e+00	2.605466758518724e+02
1.609750000000000e+01	2.788873689790508e+02	1.049038024709840e+01	1.545888996271354e-09	3.998850147306955e-01	1.031893973702510e+03	4.929630352604215e+03	4.672785377438080e+03	-1.760330288178261e+00	3.209437627783528e+02	1.624114150016237e+00	2.788873689790508e+02
1.678250000000000e+01	2.973923075069106e+02	1.088190109783416e+01	1.449696516167143e-09	4.168043754769207e-01	1.119324945129607e+03	5.675511223999846e+03	5.392029265406369e+03	-1.875952626940196e+00	3.506177602103199e+02	1.729504075959352e+00	2.973923075069106e+02
1.746750000000000e+01	3.160626500497328e+02	1.127092329749527e+01	1.364059520626340e-09	4.312313048859477e-01	1.207864045329240e+03	6.496603064338145e+03	6.186931749156461e+03	-1.992990197278955e+00	3.788567521475032e+02	1.834545342799963e+00	3.160626500497328e+02
1.815250000000000e+01	3.348994164755411e+02	1.165798474522948e+01	1.287335531829381e-09	4.435593273481954e-01	1.297581909187623e+03	7.398046315959633e+03	7.062613695935572e+03	-2.110168656597189e+00	4.056538985640051e+02	1.941010106840599e+00	3.348994164755411e+02
1.883750000000000e+01	3.539036234566199e+02	1.204351624273956e+01	1.218206130319152e-09	4.541043226769985e-01	1.388519191818712e+03	8.385033837205905e+03	8.024234770853951e+03	-2.227422168052543e+00	4.309922534561079e+02	2.048059452034921e+00	3.539036234566199e+02
1.952250000000000e+01	3.730762467418981e+02	1.242786592832506e+01	1.155600889013754e-09	4.631226157834984e-01	1.480740583645647e+03	9.462814470525120e+03	9.077047798862588e+03	-2.345030161560982e+00	4.548458879493885e+02	2.156665411259587e+00	3.730762467418981e+02
2.020750000000000e+01	3.920629107844198e+02	1.280461490005799e+01	-8.978497765906019e-08	4.681495408567303e-01	1.570349247887894e+03	1.061393943741561e+04	1.020619351668061e+04	-2.458561659736354e+00	4.694204754186915e+02	2.263628952247320e+00	3.920629107844198e+02
2.089250000000000e+01	4.104321821750841e+02	1.316659566772100e+01	-8.576656879136320e-08	4.667088969409287e-01	1.653107633080731e+03	1.181288564348025e+04	1.138924998642466e+04	-2.571675745366792e+00	4.648364751387064e+02	2.366025994806848e+00	4.104321821750841e+02
2.157750000000000e+01	4.280014468197905e+02	1.351185946347013e+01	-8.224589080130241e-08	4.585715492444985e-01	1.728194983446145e+03	1.304832272144795e+04	1.261610954997729e+04	-2.684393519138769e+00	4.367297766775347e+02	2.467305336176924e+00	4.280014468197905e+02
2.226250000000000e+01	4.448659159023579e+02	1.384358842158018e+01	-7.912802322525421e-08	4.453682597823895e-01	1.797608948285132e+03	1.432819662749969e+04	1.389378697090669e+04	-2.793388680439242e+00	3.872645192134528e+02	2.562634215721388e+00	4.448659159023579e+02
2.294750000000000e+01	4.613407823032684e+02	1.416869674222624e+01	-7.630229576407937e-08	4.298429281711889e-01	1.864596670354323e+03	1.567916526766671e+04	1.524641743806945e+04	-2.905185782238886e+00	3.243711408940961e+02	2.656212044125278e+00	4.613407823032684e+02
2.363250000000000e+01	4.779280718881869e+02	1.449715379349588e+01	-7.365409816304064e-08	4.149245135707741e-01	1.932444278071703e+03	1.714753944457081e+04	1.671724605298734e+04	-3.019700516836961e+00	2.592207616527332e+02	2.752466257705018e+00	4.779280718881869e+02
2.431750000000000e+01	4.950232924064269e+02	1.483629133821530e+01	-7.111051531056342e-08	4.025109224029981e-01	2.003581700776907e+03	1.877602623988828e+04	1.834666825270971e+04	-3.131122659602537e+00	2.009432965631373e+02	2.853718392803942e+00	4.950232924064269e+02
2.500250000000000e+01	5.147759963868446e+02	1.522638355640119e+01	-6.838190205215854e-08	3.874152884395436e-01	2.246277138881290e+03	2.079067318368137e+04	2.050486464908413e+04	-3.248101273907847e+00	1.249581473269840e+02	2.971849077884401e+00	5.147759963868446e+02
2.568750000000000e+01	5.401714599098663e+02	1.571819943482214e+01	-6.516701563852064e-08	3.602218569123702e-01	2.932710996841348e+03	2.352312452759587e+04	2.376079873722566e+04	-3.396494750310502e+00	-2.150302882415621e+01	3.125466394874171e+00	5.401714599098663e+02
2.637250000000000e+01	5.667025075236459e+02	1.621699686704362e+01	8.498846951857124e-08	3.401123913435904e-01	3.634950312671045e+03	2.648688164613307e+04	2.724577520758868e+04	-3.550887954016873e+00	-1.372582707642071e+02	3.286300727936739e+00	5.667025075236459e+02
2.705750000000000e+01	5.938226249762224e+02	1.671208699302626e+01	8.110701112760627e-08	3.239310850455306e-01	4.343424425686922e+03	2.962613943851166e+04	3.090330804803463e+04	-3.702328909276342e+00	-2.366862798976717e+02	3.453123206980247e+00	5.938226249762224e+02
2.774250000000000e+01	6.211531287159891e+02	1.719742101132454e+01	7.753833249256619e-08	3.092813449641480e-01	5.053689520712787e+03	3.290373053180141e+04	3.469930670252012e+04	-3.852155360190758e+00	-3.326647703115560e+02	3.619932592177518e+00	6.211531287159891e+02
2.842750000000000e+01	6.470907147670412e+02	1.764756058755654e+01	7.443033332916189e-08	3.008278221917399e-01	5.607394079479031e+03	3.613422236213797e+04	3.830757658435960e+04	-3.991553026927609e+00	-3.916533113458715e+02	3.769916348458449e+00	6.470907147670412e+02
2.911250000000000e+01	6.697487460991615e+02	1.803542687016029e+01	7.191230670771495e-08	3.050598941832859e-01	5.754094397460617e+03	3.908266910663861e+04	4.126530811000216e+04	-4.113812760410640e+00	-3.602738274010563e+02	3.902219482744624e+00	6.697487460991615e+02
2.979750000000000e+01	6.937138546113526e+02	1.844176063012657e+01	6.942801640461758e-08	3.075776855488688e-01	5.910177250356422e+03	4.235536938352933e+04	4.455527318084715e+04	-4.247228238455759e+00	-3.404584930613291e+02	4.044183700177966e+00	6.937138546113526e+02
3.048250000000000e+01	7.193421342207419e+02	1.887074069482024e+01	6.695447719453752e-08	3.079665401501654e-01	6.112437402904317e+03	4.601199784391812e+04	4.827230862058655e+04	-4.394147408364814e+00	-3.372312033643977e+02	4.193466769423900e+00	7.193421342207419e+02
3.116750000000000e+01	7.468000261530790e+02	1.932286050774909e+01	6.449273499670349e-08	3.063854506228420e-01	6.433432710819423e+03	5.008638625758979e+04	5.252280513037718e+04	-4.550167585540998e+00	-3.512386248383593e+02	4.351108405689330e+00	7.468000261530790e+02
3.185250000000000e+01	7.801269337602599e+02	1.985812485979092e+01	6.168966366317766e-08	2.969820538407461e-01	8.213352959048774e+03	5.517895557411303e+04	5.923375353275070e+04	-4.739588654992020e+00	-4.392540321404730e+02	4.539488397173272e+00	7.801269337602599e+02
3.253750000000000e+01	8.166637162005212e+02	2.042538842469082e+01	1.101388805129141e-07	2.848580041591683e-01	1.068242387608528e+04	6.087856782359326e+04	6.723255564274799e+04	-4.947296325243858e+00	-5.592088464396046e+02	4.749621649967892e+00	8.166637162005212e+02
3.322250000000000e+01	8.543602858777075e+02	2.099002984838460e+01	1.052792695038021e-07	2.733538124437798e-01	1.327943440867518e+04	6.686826775958402e+04	7.564929986100501e+04	-5.166065866168609e+00	-6.794698686417415e+02	4.967251865228973e+00	8.543602858777075e+02
3.390750000000001e+01	8.929420607633208e+02	2.154816116214002e+01	-3.257671418288282e-07	2.627894485624452e-01	1.602321479625353e+04	7.311644165104123e+04	8.447171751535463e+04	-5.391099847571645e+00	-7.960921841443927e+02	5.189096127976825e+00	8.929420607633208e+02
3.459250000000000e+01	9.320183763905484e+02	2.209506529460016e+01	-3.121088502184154e-07	2.534796945751304e-01	1.892861983617885e+04	7.957462042240934e+04	9.366708596203002e+04	-5.611664044318387e+00	-9.045626200157463e+02	5.413130668319422e+00	9.320183763905484e+02
3.527750000000000e+01	9.663027840422214e+02	2.256277787159485e+01	-3.797388690945332e-07	2.495017718713599e-01	2.058561991945772e+04	8.539484476032802e+04	1.010034519740957e+05	-5.807184982707901e+00	-9.534642385822700e+02	5.608041323924384e+00	9.663027840422214e+02
3.596250000000001e+01	9.975500581299891e+02	2.298251098336585e+01	-3.678439232612388e-07	2.463180134343350e-01	2.181407191108646e+04	9.089055550338775e+04	1.076118695422651e+05	-5.991916067009841e+00	-9.947141499572328e+02	5.779376557028168e+00	9.975500581299891e+02
3.664750000000000e+01	1.027093763353546e+03	2.337557578601099e+01	-3.572631248289614e-07	2.419111602860180e-01	2.320123325074794e+04	9.629920147145605e+04	1.143122950539437e+05	-6.169012857109147e+00	-1.054811152384869e+03	5.951239288883712e+00	1.027093763353546e+03
3.733250000000000e+01	1.054774659400988e+03	2.374185323197172e+01	-3.478873183500705e-07	2.370981422154904e-01	2.473435322223631e+04	1.015924079843136e+05	1.210588459356827e+05	-6.336469069642872e+00	-1.123829341804650e+03	6.109698302173459e+00	1.054774659400988e+03
3.801750000000001e+01	1.081033819030631e+03	2.408861989245808e+01	-3.272464343021484e-07	2.328110162479137e-01	2.639766270888829e+04	1.068528443707251e+05	1.279097936909829e+05	-6.502520686477862e+00	-1.188405852673350e+03	6.259374948638016e+00	1.081033819030631e+03
3.870250000000000e+01	1.106275166151289e+03	2.442205774938608e+01	-3.197798106648385e-07	2.296333212317124e-01	2.816821920555538e+04	1.121588241332554e+05	1.349146736685354e+05	-6.658371795532048e+00	-1.238628858642973e+03	6.404567316491789e+00	1.106275166151289e+03
3.938750000000000e+01	1.130960281668571e+03	2.474870376579490e+01	-3.128000775233827e-07	2.282646772419608e-01	3.001859386767744e+04	1.176076807402647e+05	1.421368536004981e+05	-6.807396296181064e+00	-1.261309124439494e+03	6.549603175291223e+00	1.130960281668571e+03
4.007250000000001e+01	1.155435583774102e+03	2.507330389712436e+01	-3.061741123008968e-07	2.295263726656823e-01	3.191785815147417e+04	1.232805643852864e+05	1.496190526723252e+05	-6.944339027215871e+00	-1.239462620834368e+03	6.696563955008070e+00	1.155435583774102e+03
4.075750000000001e+01	1.179900145584257e+03	2.539850682759050e+01	-2.998257657933350e-07	2.336241924938281e-01	3.383251256845838e+04	1.292300937367338e+05	1.573756667402202e+05	-7.083457722961331e+00	-1.165221763857541e+03	6.835215114474281e+00	1.179900145584257e+03
4.144250000000000e+01	1.204305119410708e+03	2.572363475998359e+01	-2.937498638307653e-07	2.400555496459867e-01	3.572604974681320e+04	1.354494354757600e+05	1.653641786277579e+05	-7.221724941666533e+00	-1.043494324884178e+03	6.975686303565768e+00	1.204305119410708e+03
4.212750000000000e+01	1.228287183065811e+03	2.604391697557580e+01	-2.880144563871371e-07	2.475018177310504e-01	3.755823422950431e+04	1.418453183257034e+05	1.734596851754073e+05	-7.356321740022809e+00	-8.964110993225742e+02	7.112551428111192e+00	1.228287183065811e+03
4.281250000000001e+01	1.251488263402844e+03	2.635478624480094e+01	-2.826750165773370e-07	2.547562599763895e-01	3.928869245936433e+04	1.483162759876766e+05	1.815294439155117e+05	-7.491421931319219e+00	-7.470136543475526e+02	7.243832789544449e+00	1.251488263402844e+03
4.349750000000000e+01	1.273961348752618e+03	2.665718919425036e+01	-2.768282822537520e-07	2.617617240475036e-01	4.088501209944003e+04	1.548714927652843e+05	1.895503888395041e+05	-7.622279975296046e+00	-5.967379595658152e+02	7.368669104308000e+00	1.273961348752618e+03
4.418250000000000e+01	1.295761118510063e+03	2.695203346379621e+01	-2.721709480785338e-07	2.684797447828515e-01	4.231976512693719e+04	1.615211535550996e+05	1.975054647748476e+05	-7.749103102611090e+00	-4.467658820051195e+02	7.493456643032729e+00	1.295761118510063e+03
4.486750000000001e+01	1.316803263402718e+03	2.723831756799881e+01	-2.678217332859240e-07	2.747404171647673e-01	4.344975965911183e+04	1.682327242359579e+05	2.052196954240640e+05	-7.870220935029878e+00	-3.014469915446995e+02	7.612719572765156e+00	1.316803263402718e+03
4.555250000000000e+01	1.336925083710920e+03	2.751396105204913e+01	-2.637907965008238e-07	2.803412076854019e-01	4.407797822406927e+04	1.749442169491595e+05	2.124352884056337e+05	-7.989953886907601e+00	-1.663942915581760e+02	7.728302999605433e+00	1.336925083710920e+03
4.623750000000000e+01	1.356317857895721e+03	2.778167216463543e+01	-2.600190884415977e-07	2.854591504963517e-01	4.431405101417583e+04	1.817080291650482e+05	2.193140129449049e+05	-8.108425976428432e+00	-3.829880328297833e+01	7.836834965469341e+00	1.356317857895721e+03
4.692250000000001e+01	1.375316289515234e+03	2.804608094939519e+01	-2.564272204414075e-07	2.904086461579698e-01	4.440658638247728e+04	1.886338203540355e+05	2.262131290849350e+05	-8.226147175887675e+00	9.017888288366038e+01	7.943986601865158e+00	1.375316289515234e+03
4.760750000000000e+01	1.394094580225870e+03	2.830957097285207e+01	-2.529731760395783e-07	2.953582962578589e-01	4.449739111558028e+04	1.957832977529920e+05	2.333355448362396e+05	-8.342172574645170e+00	2.233235532767558e+02	8.051136240574136e+00	1.394094580225870e+03
4.829250000000000e+01	1.412654678573840e+03	2.857211576433556e+01	-2.515017188476232e-07	3.003094243321538e-01	4.458650618679145e+04	2.031573807674776e+05	2.406822000493944e+05	-8.457799092783469e+00	3.612361787319101e+02	8.157083525183920e+00	1.412654678573840e+03
4.897750000000001e+01	1.430998582164175e+03	2.883369142612040e+01	-2.482777303545038e-07	3.052633085303866e-01	4.467397305583161e+04	2.107569119740335e+05	2.482539574222452e+05	-8.572175768879825e+00	5.040195576428561e+02	8.261861004185242e+00	1.430998582164175e+03
4.966250000000001e+01	1.449031229898288e+03	2.909289810157653e+01	-2.451880077388139e-07	3.100163659507493e-01	4.475867623926254e+04	2.185406053906918e+05	2.560103187833027e+05	-8.682035950359406e+00	6.456737274891824e+02	8.365601768038479e+00	1.449031229898288e+03
5.034750000000000e+01	1.466343952062195e+03	2.934384537547794e+01	-2.422931401607903e-07	3.137346110367911e-01	4.483596947236278e+04	2.263216086981308e+05	2.637676338771483e+05	-8.788713207476722e+00	7.601751180263809e+02	8.464370446121627e+00	1.466343952062195e+03
5.103250000000001e+01	1.482397637349790e+03	2.957872353966328e+01	-2.396692169632608e-07	3.154053908876389e-01	4.490069553995380e+04	2.338333992791944e+05	2.712633814732436e+05	-8.890288311726691e+00	8.132970983176330e+02	8.557730330686464e+00	1.482397637349790e+03
5.171750000000001e+01	1.497142402351101e+03	2.979675961680035e+01	-2.373088095122314e-07	3.150993953875800e-01	4.495395052893060e+04	2.410213724161938e+05	2.784427669577634e+05	-8.977939803467246e+00	8.032425656343702e+02	8.641506531179216e+00	1.497142402351101e+03
5.240250000000000e+01	1.511210588521197e+03	3.000720134255275e+01	-2.350996506248426e-07	3.143444861557367e-01	4.500430999536462e+04	2.481742946323461e+05	2.855873394637014e+05	-9.067592216205732e+00	7.776810114712698e+02	8.719877472203050e+00	1.511210588521197e+03
5.308750000000001e+01	1.525074506848881e+03	3.021701625594117e+01	-2.329624421508112e-07	3.142393693614313e-01	4.505853325611212e+04	2.555279545574962e+05	2.929269625182229e+05	-9.159419848051861e+00	7.740025144740669e+02	8.796577862368126e+00	1.525074506848881e+03
5.377250000000001e+01	1.539284691895843e+03	3.043447296465534e+01	-2.307041080908575e-07	3.157905765379362e-01	4.512264334702396e+04	2.633860573158595e+05	3.007595201823537e+05	-9.246338949377154e+00	8.297167390906950e+02	8.873775217891138e+00	1.539284691895843e+03
5.445750000000000e+01	1.554161502881518e+03	3.066442720805023e+01	-2.286017310699331e-07	3.196153466553047e-01	4.520189062823768e+04	2.719513648888356e+05	3.092829922347098e+05	-9.323562331491047e+00	9.711394604225470e+02	8.952346368642797e+00	1.554161502881518e+03
5.514250000000001e+01	1.570017094267364e+03	3.091163108979093e+01	-2.262930839395562e-07	3.263373561825140e-01	4.530248727159164e+04	2.814391219998951e+05	3.187076261254226e+05	-9.396244603806027e+00	1.226853789809833e+03	9.034736897640904e+00	1.570017094267364e+03
5.582750000000001e+01	1.586977284490775e+03	3.117790955541768e+01	-2.238746664958330e-07	3.360240928028118e-01	4.542889397042112e+04	2.919639115010198e+05	3.291453023803945e+05	-9.473323948420463e+00	1.605771223549826e+03	9.118141716440183e+00	1.586977284490775e+03
5.651250000000000e+01	1.604763977673700e+03	3.145871009270671e+01	-2.213933110730684e-07	3.481015379628228e-01	4.558072113621449e+04	3.033865217074364e+05	3.404574036452644e+05	-9.552265637211036e+00	2.091338812509430e+03	9.205732051792243e+00	1.604763977673700e+03
5.719750000000001e+01	1.622833587387940e+03	3.174530133148566e+01	-2.189281843254118e-07	3.614252165352055e-01	4.575249095735027e+04	3.153766738445587e+05	3.523176745895942e+05	-9.635478537666497e+00	2.641656937009598e+03	9.295292380785609e+00	1.622833587387940e+03
5.788250000000001e+01	1.640715060326884e+03	3.203015981910004e+01	-2.165421769874903e-07	3.748982187392735e-01	4.593698170774847e+04	3.276250461368093e+05	3.644225888029203e+05	-9.717709645563355e+00	3.213119591027069e+03	9.386924606975905e+00	1.640715060326884e+03
5.856750000000000e+01	1.658248641190718e+03	3.231075380748936e+01	-2.142525568273948e-07	3.879106930691354e-01	4.612760754540317e+04	3.400144236802378e+05	3.766615095273164e+05	-9.801426280986473e+00	3.779672770319969e+03	9.480840254963514e+00	1.658248641190718e+03
5.925250000000000e+01	1.675154461183955e+03	3.258265250219966e+01	-2.120902995454025e-07	3.989356841140585e-01	4.629790102633373e+04	3.523141395574406e+05	3.888301465657948e+05	-9.891151351150960e+00	4.272213038879708e+03	9.570159071522143e+00	1.675154461183955e+03
5.993750000000001e+01	1.691455792347989e+03	3.284628364764289e+01	-2.100505641244706e-07	4.072645802896037e-01	4.642884813273697e+04	3.645076820568324e+05	4.009317918348008e+05	-9.976588846215298e+00	4.653860304226605e+03	9.656761703706451e+00	1.691455792347989e+03
6.062250000000000e+01	1.707706191914383e+03	3.311059996640167e+01	-2.080517394131904e-07	4.139766227109465e-01	4.652578898328659e+04	3.770019735847944e+05	4.133739648051838e+05	-1.006308041101393e+01	4.969194036172883e+03	9.744464484758334e+00	1.707706191914383e+03
6.130750000000000e+01	1.723974019795317e+03	3.337667260511632e+01	-2.060885140045935e-07	4.204707413439104e-01	4.660805858612306e+04	3.898692510212265e+05	4.262160079582405e+05	-1.015402724919438e+01	5.281885987621433e+03	9.832703290677477e+00	1.723974019795317e+03
6.199250000000001e+01	1.740370375815836e+03	3.364626768689210e+01	-2.041469155804091e-07	4.277958024367797e-01	4.670142659204544e+04	4.032252336939462e+05	4.395564365457153e+05	-1.023995732871868e+01	5.643239820253782e+03	9.921511034373246e+00	1.740370375815836e+03
6.267750000000001e+01	1.756744608349183e+03	3.391686145810119e+01	-2.022441069419010e-07	4.357880283081210e-01	4.681016984090761e+04	4.169542260397956e+05	4.532829416904872e+05	-1.032851965613038e+01	6.047034150313135e+03	1.001004675563655e+01	1.756744608349183e+03
6.336250000000000e+01	1.772568297126104e+03	3.417972220139673e+01	-2.004386771702497e-07	4.443357060719407e-01	4.693421628555304e+04	4.306083853166711e+05	4.669506889920178e+05	-1.040905282680673e+01	6.489179966374099e+03	1.009808887814277e+01	1.772568297126104e+03
6.404750000000000e+01	1.787516654937479e+03	3.442949566690872e+01	-1.987624808555631e-07	4.530943564447061e-01	4.707144715028716e+04	4.438871164224123e+05	4.802594626423611e+05	-1.047832071611252e+01	6.952875698314037e+03	1.018421096350518e+01	1.787516654937479e+03
6.473250000000000e+01	1.801036557290631e+03	3.465697225972528e+01	-1.995320662785759e-07	4.612397881061771e-01	4.721243410289668e+04	4.562587831364642e+05	4.926749322107200e+05	-1.054120317884117e+01	7.394080829112474e+03	1.026213458777636e+01	1.801036557290631e+03
6.541750000000000e+01	1.812061771930963e+03	3.484413001893623e+01	-1.983180438277948e-07	4.676574802971656e-01	4.731951666763866e+04	4.666657688655421e+05	5.031145768579083e+05	-1.059973972513370e+01	7.749617907784270e+03	1.031797792787768e+01	1.812061771930963e+03
6.610250000000001e+01	1.819885638326675e+03	3.497851280944192e+01	-1.974654551217202e-07	4.717681897051567e-01	4.737161933028061e+04	4.743010702758340e+05	5.107563539469783e+05	-1.064251651873255e+01	7.982450850062402e+03	1.036283731477269e+01	1.819885638326675e+03
6.678750000000001e+01	1.824434151492158e+03	3.505781608103360e+01	-1.969731522222674e-07	4.736311679245199e-01	4.738460570109978e+04	4.789028812389660e+05	5.153499482395818e+05	-1.066358672035983e+01	8.090293340250246e+03	1.038571269495927e+01	1.824434151492158e+03
6.747250000000001e+01	1.826104547870774e+03	3.508746683169591e+01	-1.967929745644588e-07	4.741456208568313e-01	4.738798930306137e+04	4.806596920192763e+05	5.171038468887956e+05	-1.066604890549931e+01	8.120716887372870e+03	1.039771875239374e+01	1.826104547870774e+03
6.815750000000001e+01	1.826212442709419e+03	3.508942064923062e+01	-1.967813477976359e-07	4.741186546564666e-01	4.738801996529770e+04	4.807777210068292e+05	5.172218491529013e+05	-1.066591635720163e+01	8.119088402591835e+03	1.039780127771874e+01	1.826212442709419e+03
