WARNING: 4 open meshes merged
     Merged: MainWing_Transonic
     Merged: HorizontalTail
     Merged: MeshGeom
     Merged: MeshGeom
...Mass Properties...
26 Num Comps
26 Total Num Meshes
20448 Total Num Tris

1.882153994575634e+03             Total Mass
3.344868678020951e+01 9.660129886435809e-06 8.249736610624350e-02       Center of Gravity
4.743477320305624e+04 4.895591143191622e+05 5.268390282421969e+05       Ixx, Iyy, Izz
-1.136678948626226e+01 6.815165894340639e+03 1.067553567633031e+01       Ixy, Ixz, Iyz
1.882153994575634e+03             Volume

Name	Mass	cgX	cgY	cgZ	Ixx	Iyy	Izz	Ixy	Ixz	Iyz	Volume
Unified_Aerodynamic_Fuselage	1.594125075782085e+03	3.207219502652111e+01	7.467945507099706e-08	-7.773780049914146e-08	6.869982585760177e+03	4.240701943216185e+05	4.234579618624857e+05	-9.602912178476418e+00	-1.354962043236659e+00	9.188739762199491e+00	1.594125075782085e+03
LH2_Tank_1_Internal	6.051727885841158e-01	1.197302728092084e+01	8.910085167279973e-06	3.021755478969797e+00	1.070908183446915e-01	1.235980089516259e+00	1.337391531219337e+00	5.347903488951944e-04	2.625002357469065e-02	3.405077437678902e-04	6.051727885841158e-01
LH2_Tank_2_Internal	0.000000000000000e+00	0.000000000000000e+00	0.000000000000000e+00	0.000000000000000e+00	0.000000000000000e+00	0.000000000000000e+00	0.000000000000000e+00	0.000000000000000e+00	0.000000000000000e+00	0.000000000000000e+00	0.000000000000000e+00
LH2_Tank_3_Internal	0.000000000000000e+00	0.000000000000000e+00	0.000000000000000e+00	0.000000000000000e+00	0.000000000000000e+00	0.000000000000000e+00	0.000000000000000e+00	0.000000000000000e+00	0.000000000000000e+00	0.000000000000000e+00	0.000000000000000e+00
LH2_Tank_4_Internal	6.373221878292695e+00	5.185267181132053e+01	-1.187783216531504e-05	2.749878427726133e+00	3.176836529873110e+00	2.688472299835255e+01	2.948987567773472e+01	-7.265275028438546e-03	-1.259887945945905e+00	1.955145564709245e-02	6.373221878292695e+00
LH2_Tank_5_Internal	3.241827755531840e+01	6.409288892775506e+01	5.671413995514092e-04	2.120273481358987e+00	3.055320562391624e+01	2.746123080701636e+02	2.861028169789441e+02	-1.227457448944839e+00	-2.243736231280297e+01	1.633087487406451e-01	3.241827755531840e+01
MainWing_Transonic	1.514640599122632e+02	3.625646710543103e+01	8.430756193308076e-08	3.843682264824853e-03	2.596212274134425e+04	2.090610478979989e+03	2.793205515880090e+04	-7.570034669403233e-01	2.910054915120288e+02	8.227937072521762e-01	1.514640599122632e+02
HorizontalTail	1.513999180168239e+01	6.310165063365096e+01	-1.753008165919197e-05	2.274288064683921e+00	3.804081826597141e+02	3.400256827701823e+01	4.124527279664468e+02	-3.091996870068206e-02	3.753591873663215e+00	6.343206463553455e-02	1.513999180168239e+01
VerticalTail	1.874386899792874e+01	5.642101735446944e+01	1.162968098415738e-16	6.270389063676791e+00	1.145790230440051e+02	1.846264221786105e+02	7.126116129625350e+01	1.652021726878780e-02	5.984349574000517e+01	-5.802547701685384e-03	1.874386899792874e+01
Engine_Inboard_Port	1.578186275299669e+01	2.690227407961881e+01	-9.499999999999783e+00	-1.799999999999966e+00	1.111891657286801e+01	2.360312505783728e+01	2.417936970523349e+01	-7.979683304950305e-02	-1.112106249713768e-02	9.356290135678474e-02	1.578186275299669e+01
Engine_Inboard_Stbd	1.578186275299663e+01	2.690227407961892e+01	9.499999999999869e+00	-1.799999999999979e+00	1.114569483386331e+01	2.360358962010793e+01	2.420568340395813e+01	-7.481470264660921e-02	-1.195041347552958e-02	1.030401671066334e-01	1.578186275299663e+01
Engine_Outboard_Port	1.586030017597718e+01	3.339783518484130e+01	-1.779999999999986e+01	-8.999999999999887e-01	1.134893524761227e+01	2.381799778715048e+01	2.438653593463183e+01	-8.234348111321672e-02	-1.232499016758763e-02	9.218411390038972e-02	1.586030017597718e+01
Engine_Outboard_Stbd	1.586030017597713e+01	3.339783518484130e+01	1.779999999999986e+01	-8.999999999999914e-01	1.136138661688774e+01	2.381901626060958e+01	2.439796883044822e+01	-7.524064488607964e-02	-1.158803249681119e-02	9.769736915744714e-02	1.586030017597713e+01
MeshGeom	0.000000000000000e+00	0.000000000000000e+00	0.000000000000000e+00	0.000000000000000e+00	0.000000000000000e+00	0.000000000000000e+00	0.000000000000000e+00	0.000000000000000e+00	0.000000000000000e+00	0.000000000000000e+00	0.000000000000000e+00
MeshGeom	0.000000000000000e+00	0.000000000000000e+00	0.000000000000000e+00	0.000000000000000e+00	0.000000000000000e+00	0.000000000000000e+00	0.000000000000000e+00	0.000000000000000e+00	0.000000000000000e+00	0.000000000000000e+00	0.000000000000000e+00
MeshGeom	0.000000000000000e+00	0.000000000000000e+00	0.000000000000000e+00	0.000000000000000e+00	0.000000000000000e+00	0.000000000000000e+00	0.000000000000000e+00	0.000000000000000e+00	0.000000000000000e+00	0.000000000000000e+00	0.000000000000000e+00
MeshGeom	0.000000000000000e+00	0.000000000000000e+00	0.000000000000000e+00	0.000000000000000e+00	0.000000000000000e+00	0.000000000000000e+00	0.000000000000000e+00	0.000000000000000e+00	0.000000000000000e+00	0.000000000000000e+00	0.000000000000000e+00
MeshGeom	0.000000000000000e+00	0.000000000000000e+00	0.000000000000000e+00	0.000000000000000e+00	0.000000000000000e+00	0.000000000000000e+00	0.000000000000000e+00	0.000000000000000e+00	0.000000000000000e+00	0.000000000000000e+00	0.000000000000000e+00
MeshGeom	0.000000000000000e+00	0.000000000000000e+00	0.000000000000000e+00	0.000000000000000e+00	0.000000000000000e+00	0.000000000000000e+00	0.000000000000000e+00	0.000000000000000e+00	0.000000000000000e+00	0.000000000000000e+00	0.000000000000000e+00
MeshGeom	0.000000000000000e+00	0.000000000000000e+00	0.000000000000000e+00	0.000000000000000e+00	0.000000000000000e+00	0.000000000000000e+00	0.000000000000000e+00	0.000000000000000e+00	0.000000000000000e+00	0.000000000000000e+00	0.000000000000000e+00
MeshGeom	0.000000000000000e+00	0.000000000000000e+00	0.000000000000000e+00	0.000000000000000e+00	0.000000000000000e+00	0.000000000000000e+00	0.000000000000000e+00	0.000000000000000e+00	0.000000000000000e+00	0.000000000000000e+00	0.000000000000000e+00
MeshGeom	0.000000000000000e+00	0.000000000000000e+00	0.000000000000000e+00	0.000000000000000e+00	0.000000000000000e+00	0.000000000000000e+00	0.000000000000000e+00	0.000000000000000e+00	0.000000000000000e+00	0.000000000000000e+00	0.000000000000000e+00
MeshGeom	0.000000000000000e+00	0.000000000000000e+00	0.000000000000000e+00	0.000000000000000e+00	0.000000000000000e+00	0.000000000000000e+00	0.000000000000000e+00	0.000000000000000e+00	0.000000000000000e+00	0.000000000000000e+00	0.000000000000000e+00
MeshGeom	0.000000000000000e+00	0.000000000000000e+00	0.000000000000000e+00	0.000000000000000e+00	0.000000000000000e+00	0.000000000000000e+00	0.000000000000000e+00	0.000000000000000e+00	0.000000000000000e+00	0.000000000000000e+00	0.000000000000000e+00
MeshGeom	0.000000000000000e+00	0.000000000000000e+00	0.000000000000000e+00	0.000000000000000e+00	0.000000000000000e+00	0.000000000000000e+00	0.000000000000000e+00	0.000000000000000e+00	0.000000000000000e+00	0.000000000000000e+00	0.000000000000000e+00
MeshGeom	0.000000000000000e+00	0.000000000000000e+00	0.000000000000000e+00	0.000000000000000e+00	0.000000000000000e+00	0.000000000000000e+00	0.000000000000000e+00	0.000000000000000e+00	0.000000000000000e+00	0.000000000000000e+00	0.000000000000000e+00
Name	Mass	cgX	cgY	cgZ	Ixx	Iyy	Izz	Ixy	Ixz	Iyz	Volume
Totals	1.882153994575634e+03	3.344868678020951e+01	9.660129886435809e-06	8.249736610624350e-02	4.743477320305624e+04	4.895591143191622e+05	5.268390282421969e+05	-1.136678948626226e+01	6.815165894340639e+03	1.067553567633031e+01	1.882153994575634e+03

...Filling Mass Properties (Volume Only -- No Shell or Point Mass)...
100 Num Slice

Slice	Mass	cgX	cgY	cgZ	Ixx	Iyy	Izz	Ixy	Ixz	Iyz	Volume
3.453500000000000e-01	1.653659115891237e-01	3.453500000000000e-01	-1.874177799144405e-16	1.739490237880922e-17	8.266621108808212e-03	2.012953023690007e-02	2.100814712502214e-02	8.229446113916197e-05	-2.618981773674540e-05	2.069845968239469e-04	1.653659115891237e-01
1.036050000000000e+00	1.608740289342640e+00	9.650514454842327e-01	-1.513914349754464e-16	3.513516505906815e-17	5.508401695637692e-01	4.912180719552631e-01	5.209662097516043e-01	-6.071594542729619e-03	-9.521755674006052e-04	8.398404834308605e-03	1.608740289342640e+00
1.726750000000000e+00	4.809844218232987e+00	1.471985999881569e+00	-5.587295683867717e-16	1.227491201634910e-16	3.070613775061487e+00	2.700236173862102e+00	2.710399817420782e+00	-2.053630470628759e-02	-2.715907762341713e-03	2.951853321744640e-02	4.809844218232987e+00
2.417450000000001e+00	1.029574383540029e+01	1.975759275442431e+00	2.939592861068725e-11	-9.317969082949057e-12	1.026907732310191e+01	9.288011150341690e+00	8.993415676681478e+00	-5.427253275359666e-02	-6.983231573459079e-03	5.885113734586664e-02	1.029574383540029e+01
3.108150000000000e+00	1.797900903754892e+01	2.459682401075108e+00	1.683460867844234e-11	-5.335865999187557e-12	2.428681789010041e+01	2.312013844164868e+01	2.199022131060716e+01	-1.019562020386578e-01	-1.351912636359924e-02	1.075777314706331e-01	1.797900903754892e+01
3.798850000000001e+00	2.815791508071150e+01	2.943782915137708e+00	1.074861799979221e-11	-3.406914813811623e-12	4.873740321497568e+01	4.890736154793854e+01	4.598820859894797e+01	-1.716530872732018e-01	-2.286712606188574e-02	1.655816962888767e-01	2.815791508071150e+01
4.489550000000000e+00	4.021672895962347e+01	3.407274553038336e+00	4.509863399835784e-04	6.254170757788062e-04	8.297246895106743e+01	8.881906968058841e+01	8.305607270326581e+01	-2.317457075244239e-01	-6.953560593675330e-03	2.722771620290201e-01	4.021672895962347e+01
5.180250000000001e+00	5.428975687014791e+01	3.866866461129660e+00	3.340813524551005e-04	4.632960336049548e-04	1.295338756307760e+02	1.483516248769943e+02	1.384231429500694e+02	-3.366329439947221e-01	-3.175258267761803e-02	3.588390667171645e-01	5.428975687014791e+01
5.870950000000001e+00	6.942885778758806e+01	4.303860873953791e+00	2.612342472222449e-04	3.622734094267695e-04	1.833670478998743e+02	2.268359117418569e+02	2.118723841504292e+02	-4.527752598603540e-01	-5.796329373873994e-02	4.495295683990219e-01	6.942885778758806e+01
6.561650000000000e+00	8.540738265853645e+01	4.726261591326409e+00	2.123609790522881e-04	2.944971294094723e-04	2.433108602124154e+02	3.274992522362181e+02	3.067564877428275e+02	-5.776305295247328e-01	-8.466567676923493e-02	5.450022088544325e-01	8.540738265853645e+01
7.252350000000001e+00	1.018301649509846e+02	5.133659536788736e+00	1.781122068142880e-04	2.470017507623752e-04	3.066152286457374e+02	4.517685721121965e+02	4.248454618907376e+02	-7.037253599795806e-01	-1.113327649014423e-01	6.421789765653430e-01	1.018301649509846e+02
7.943050000000001e+00	1.184025195014247e+02	5.526879335007628e+00	1.531825122983060e-04	2.124298463345709e-04	3.710494677179138e+02	6.012811286300870e+02	5.680465447938344e+02	-8.225859289229264e-01	-1.360895722053967e-01	7.369151160692430e-01	1.184025195014247e+02
8.633750000000001e+00	1.351251094697427e+02	5.911374299852730e+00	1.342252041149861e-04	1.861403045075593e-04	4.366446904146272e+02	7.803968865949414e+02	7.407317339405574e+02	-9.333408449956550e-01	-1.603168374715380e-01	8.338007918365488e-01	1.351251094697427e+02
9.324450000000001e+00	1.519985980158242e+02	6.290262621752554e+00	1.193247545463413e-04	1.654767172306185e-04	5.034248362455170e+02	9.934769758069068e+02	9.472665622594526e+02	-1.039892451485758e+00	-1.841734056211856e-01	9.351650222011216e-01	1.519985980158242e+02
1.001515000000000e+01	1.690878303551534e+02	6.666726532319028e+00	1.072609062289580e-04	1.069536227371081e-03	5.719474022645516e+02	1.246153816557902e+03	1.192800157259008e+03	-1.151233676408157e+00	3.125070354371244e-01	1.030256328925822e+00	1.690878303551534e+02
1.070585000000000e+01	1.864693583331057e+02	7.043228806941978e+00	9.726270352550007e-05	3.211372290038623e-03	6.429111360350508e+02	1.544543324822939e+03	1.483106417610114e+03	-1.263191696480830e+00	1.760665959824501e+00	1.123900485351204e+00	1.864693583331057e+02
1.139655000000000e+01	2.040339021839248e+02	7.417990550817449e+00	8.888970765139115e-05	4.647388711424771e-03	7.153359710048176e+02	1.890746225686600e+03	1.821253734468906e+03	-1.375499470332299e+00	2.911299734934174e+00	1.218325009951303e+00	2.040339021839248e+02
1.208725000000000e+01	2.217845258274045e+02	7.791696817595937e+00	8.177538017318916e-05	5.563279475717319e-03	7.892707736750177e+02	2.289521647309965e+03	2.211991916798284e+03	-1.488508108471819e+00	3.769244468795824e+00	1.313910298150007e+00	2.217845258274045e+02
1.277795000000000e+01	2.397241950704249e+02	8.164841183887388e+00	7.570503029868136e-05	6.091710776857419e-03	8.647551056396658e+02	2.745716430583022e+03	2.660148626648858e+03	-1.603129641814327e+00	4.338645391221158e+00	1.411509047786693e+00	2.397241950704249e+02
1.346865000000000e+01	2.578553436137587e+02	8.537779530414030e+00	7.038181639648102e-05	6.324685338391849e-03	9.418259121784835e+02	3.264253011670440e+03	3.170632810644566e+03	-1.718008467507614e+00	4.619992442805158e+00	1.509772517037498e+00	2.578553436137587e+02
1.415935000000000e+01	2.761803916609219e+02	8.910780482205521e+00	6.571186079464460e-05	6.331467332284735e-03	1.020518291150750e+03	3.850146601861129e+03	3.748442750620969e+03	-1.835470805256609e+00	4.615022074963686e+00	1.609082583237118e+00	2.761803916609219e+02
1.485005000000000e+01	2.947017435399470e+02	9.284050417164433e+00	6.158201588153499e-05	6.165117234921228e-03	1.100883847817873e+03	4.508505201647229e+03	4.398687990290317e+03	-1.953211504302906e+00	4.326727642810202e+00	1.709055193029618e+00	2.947017435399470e+02
1.554075000000000e+01	3.134202589494240e+02	9.657721627654599e+00	5.790413010242357e-05	5.883623814292103e-03	1.182940521796663e+03	5.244480891228729e+03	5.126484800722284e+03	-2.073190008557411e+00	3.791547049208177e+00	1.809822078900991e+00	3.134202589494240e+02
1.623145000000000e+01	3.323416365639619e+02	1.003198709181531e+01	5.460744443143445e-05	5.578154796641614e-03	1.266774896265012e+03	6.063543650742530e+03	5.937245513595293e+03	-2.192100188137209e+00	3.146205111753138e+00	1.912061272144807e+00	3.323416365639619e+02
1.692215000000000e+01	3.514694811776770e+02	1.040696691945021e+01	5.163557128787504e-05	5.274577718415939e-03	1.352434074501759e+03	6.971165785698102e+03	6.836408373824240e+03	-2.312103320418748e+00	2.435388055314141e+00	2.016475152377872e+00	3.514694811776770e+02
1.761285000000000e+01	3.708080769181459e+02	1.078277227138862e+01	4.894264332547087e-05	4.999494912653201e-03	1.440002809891909e+03	7.972970368579147e+03	7.829581944739875e+03	-2.431384468305522e+00	1.722592417795760e+00	2.129366951114474e+00	3.708080769181459e+02
1.830355000000000e+01	3.903585694555023e+02	1.115943854789285e+01	4.649142831957058e-05	4.749103104637512e-03	1.529483130481883e+03	9.074502349244864e+03	8.922284039154716e+03	-2.558721948021926e+00	1.007290870925170e+00	2.239695738295478e+00	3.903585694555023e+02
1.899425000000000e+01	4.101221044598798e+02	1.153699335096872e+01	4.425103463920203e-05	4.520246711804189e-03	1.620944226300382e+03	1.028140554372510e+04	1.012018698025505e+04	-2.693618032662631e+00	2.890074112129927e-01	2.357825223049123e+00	4.101221044598798e+02
1.968495000000000e+01	4.300998276014122e+02	1.191545809719131e+01	4.219561665935233e-05	4.310285601511591e-03	1.714393979131809e+03	1.159941246823620e+04	1.142899976829999e+04	-2.838819200218596e+00	-4.318643063850152e-01	2.475517554268895e+00	4.300998276014122e+02
2.037565000000000e+01	4.502928845502332e+02	1.229484925071131e+01	4.030338491541382e-05	4.116993978207473e-03	1.809849780425867e+03	1.303434890983529e+04	1.285453478509151e+04	-2.979661860857255e+00	-1.154238569722703e+00	2.594066959940353e+00	4.502928845502332e+02
2.106635000000000e+01	4.707024209764766e+02	1.267517927681153e+01	3.855584046715566e-05	3.938482173678107e-03	1.907346318256157e+03	1.459213625956046e+04	1.440271369587179e+04	-3.112526020361831e+00	-1.877396336375976e+00	2.714806748873407e+00	4.707024209764766e+02
2.175705000000000e+01	4.913295825502760e+02	1.305645738717320e+01	3.693717637854786e-05	3.773135508145969e-03	2.006943766243483e+03	1.627879310494021e+04	1.607957448794487e+04	-3.243576336580461e+00	-2.602202886945087e+00	2.844048724868151e+00	4.913295825502760e+02
2.244775000000000e+01	5.121364633966556e+02	1.343800316716431e+01	3.543650715726116e-05	3.619842027704150e-03	2.108250498077283e+03	1.809704474946849e+04	1.788783776487454e+04	-3.370077036212082e+00	-3.327258040879271e+00	2.969361373058572e+00	5.121364633966556e+02
2.313845000000000e+01	5.331234137735637e+02	1.381987121320181e+01	3.404151268131823e-05	3.477343230905965e-03	2.211302603121626e+03	2.005284305506957e+04	1.983346795631853e+04	-3.497970454832131e+00	-4.052943038133495e+00	3.092390452047258e+00	5.331234137735637e+02
2.382915000000000e+01	5.542912022312141e+02	1.420211486982077e+01	3.274150370354553e-05	3.344547210312165e-03	2.316134412769727e+03	2.215225448150078e+04	2.192253860494705e+04	-3.626830897918980e+00	-4.779342818481465e+00	3.217788100180127e+00	5.542912022312141e+02
2.451985000000000e+01	5.756429724508953e+02	1.458482067920317e+01	3.152705464883008e-05	3.213064254591131e-03	2.422985636875351e+03	2.440166497285680e+04	2.416163545789894e+04	-3.756211990231762e+00	-5.548937843047971e+00	3.343911433369462e+00	5.756429724508953e+02
2.521055000000000e+01	6.005808786152553e+02	1.502603259614076e+01	3.021795747586349e-05	-7.128876233844738e-03	2.851332494285985e+03	2.717414263782228e+04	2.721991867777480e+04	-3.906863500932337e+00	-6.882692336956042e+01	3.488280713606030e+00	6.005808786152553e+02
2.590125000000000e+01	6.286422930107721e+02	1.551148192973466e+01	2.886908445769761e-05	-2.498267717032974e-02	3.559546929211242e+03	3.043076006844149e+04	3.101846745811374e+04	-4.077356533121950e+00	-1.854606340942603e+02	3.656976265238952e+00	6.286422930107721e+02
2.659195000000000e+01	6.568876196878863e+02	1.598792787117084e+01	2.762775078490063e-05	-4.129910103136981e-02	4.269262263388860e+03	3.383612563094414e+04	3.496594392994040e+04	-4.247555345809013e+00	-2.991373106324135e+02	3.828350628469832e+00	6.568876196878863e+02
2.728265000000000e+01	6.853176271968116e+02	1.645648292096181e+01	2.648162943712922e-05	-5.625503759370908e-02	4.980537443610351e+03	3.739985151536659e+04	3.907190460292559e+04	-4.411011421583832e+00	-4.101227620630345e+02	3.999900849067658e+00	6.853176271968116e+02
2.797335000000000e+01	7.139330840877616e+02	1.691809538964310e+01	2.542020793601095e-05	-7.000133584688566e-02	5.693433738161645e+03	4.113136051095895e+04	4.334572857639191e+04	-4.572108757381279e+00	-5.186408077527684e+02	4.170565798382772e+00	7.139330840877616e+02
2.866405000000000e+01	7.394607405696406e+02	1.732358912026893e+01	2.454355698081250e-05	-7.470474860271729e-02	6.073890498222417e+03	4.460796800283406e+04	4.705545158779652e+04	-4.714341859942413e+00	-5.581023208032611e+02	4.317200972516296e+00	7.394607405696406e+02
2.935475000000000e+01	7.635343500183563e+02	1.770292171771702e+01	2.376971883579326e-05	-7.388487241057499e-02	6.214405500251787e+03	4.805119726832311e+04	5.050704149446694e+04	-4.847899076584238e+00	-5.508266426137648e+02	4.456977524255702e+00	7.635343500183563e+02
3.004545000000000e+01	7.892345029113343e+02	1.810483631061744e+01	2.299551816060782e-05	-7.413528361693085e-02	6.389959807495541e+03	5.190853785296797e+04	5.440560531586954e+04	-4.997331822148081e+00	-5.532071977988940e+02	4.611425402690994e+00	7.892345029113343e+02
3.073615000000001e+01	8.166553435099220e+02	1.852895799423819e+01	2.222339753126409e-05	-7.521515632379153e-02	6.618841816173102e+03	5.620751205095925e+04	5.879716007949907e+04	-5.163798995259811e+00	-5.639951816548148e+02	4.766999525131677e+00	8.166553435099220e+02
3.142685000000001e+01	8.470146645029038e+02	1.899125370167499e+01	2.142685021291402e-05	-7.804742824561500e-02	7.320698518075264e+03	6.114990138971404e+04	6.430150601206052e+04	-5.356773300549615e+00	-5.938536962452479e+02	4.946995382503967e+00	8.470146645029038e+02
3.211755000000001e+01	8.836875583281077e+02	1.953599292079150e+01	2.053763931954375e-05	-8.542033733406379e-02	9.632775897549480e+03	6.728587989799200e+04	7.259789617314446e+04	-5.596316559522373e+00	-6.758590085650663e+02	5.161676499919696e+00	8.836875583281077e+02
3.280825000000001e+01	9.220537367461274e+02	2.008824466363214e+01	1.968307878479010e-05	-9.254541731887092e-02	1.216902988437455e+04	7.384357006867738e+04	8.153828688710391e+04	-5.841376396678924e+00	-7.594589476913239e+02	5.390200379572199e+00	9.220537367461274e+02
3.349895000000001e+01	9.615230140660935e+02	2.063873678938910e+01	1.887511383386100e-05	-9.889967747275968e-02	1.484384748956495e+04	8.073171407226996e+04	9.094690682039288e+04	-6.086119386631262e+00	-8.380649352774972e+02	5.618016552371988e+00	9.615230140660935e+02
3.418965000000001e+01	1.001794685072859e+03	2.118347707079651e+01	1.811634321369332e-05	-1.043356988459751e-01	1.767557949509902e+04	8.791095097560750e+04	1.008028102741823e+05	-6.329363090911143e+00	-9.089278554586951e+02	5.858209754716599e+00	1.001794685072859e+03
3.488035000000001e+01	1.041023805809291e+03	2.169961923666524e+01	1.743366121253002e-05	-1.078311157964436e-01	2.027402813282944e+04	9.507177051915611e+04	1.104126797345962e+05	-6.556668296248884e+00	-9.569217456474654e+02	6.084265831302165e+00	1.041023805809291e+03
3.557105000000001e+01	1.075300376495715e+03	2.214178878061237e+01	1.687794103049847e-05	-1.068557237089943e-01	2.153393779541082e+04	1.015292272757980e+05	1.179922355002061e+05	-6.755545141323080e+00	-9.428644790138740e+02	6.272999535561357e+00	1.075300376495715e+03
3.626175000000001e+01	1.108635889290641e+03	2.256636113339263e+01	1.637043913112303e-05	-1.048363086378174e-01	2.286632796793854e+04	1.080463439231053e+05	1.257068689489391e+05	-6.954045535827781e+00	-9.122306673971486e+02	6.463061906374970e+00	1.108635889290641e+03
3.695245000000001e+01	1.140898840868528e+03	2.297317869851977e+01	1.590750704107851e-05	-1.019327573643602e-01	2.436370552555005e+04	1.146040473278405e+05	1.336295695947832e+05	-7.149077401285240e+00	-8.659487956805066e+02	6.647267901133744e+00	1.140898840868528e+03
3.764315000000001e+01	1.171963925360496e+03	2.336203358399336e+01	1.548584896795158e-05	-9.830571033240502e-02	2.600779015228007e+04	1.211805189939559e+05	1.417198496826539e+05	-7.336826985367748e+00	-8.052680490054283e+02	6.825506023477185e+00	1.171963925360496e+03
3.833385000000001e+01	1.201888064110527e+03	2.373479601100366e+01	1.510028835962385e-05	-9.420208775746811e-02	2.777534986140815e+04	1.277884559738131e+05	1.499667193860219e+05	-7.515221267833955e+00	-7.332883507294554e+02	6.996072530229911e+00	1.201888064110527e+03
3.902455000000001e+01	1.230726963635310e+03	2.409307180415347e+01	1.474645220278877e-05	-8.982530984223627e-02	2.963753406807283e+04	1.344388343309840e+05	1.583520201725121e+05	-7.685284651398087e+00	-6.528819137017002e+02	7.161468957063509e+00	1.230726963635310e+03
3.971525000000001e+01	1.258516940815902e+03	2.443803337081482e+01	1.442082800398448e-05	-8.534438680824917e-02	3.156075583945943e+04	1.411369619438587e+05	1.668475392673425e+05	-7.844916025121446e+00	-5.667503635886746e+02	7.322270884562064e+00	1.258516940815902e+03
4.040595000000001e+01	1.285109112259169e+03	2.476845012106929e+01	1.412242444660449e-05	-8.090898744560304e-02	3.350649492886921e+04	1.478406864570871e+05	1.753748794795043e+05	-7.996486196623723e+00	-4.776375557340110e+02	7.472876216247480e+00	1.285109112259169e+03
4.109665000000001e+01	1.310561760113611e+03	2.508556293044909e+01	1.384815038545107e-05	-7.662573724685605e-02	3.543721263449544e+04	1.545565824036631e+05	1.839030456309246e+05	-8.143659801153323e+00	-3.877801184723353e+02	7.617369724413058e+00	1.310561760113611e+03
4.178735000000001e+01	1.334935119831203e+03	2.539050558880409e+01	1.359530966986702e-05	-7.257694548061575e-02	3.731622297646925e+04	1.612911715550369e+05	1.924019227411289e+05	-8.282639438882704e+00	-2.991766032848130e+02	7.755490354021791e+00	1.334935119831203e+03
4.247805000000001e+01	1.358288052141652e+03	2.568429030358328e+01	1.336156665341147e-05	-6.882616059236013e-02	3.910728748174952e+04	1.680503918904533e+05	2.008413160428571e+05	-8.417979973301136e+00	-2.136373047176865e+02	7.895821248298956e+00	1.358288052141652e+03
4.316875000000001e+01	1.380676972394644e+03	2.596781656036641e+01	1.314489681953462e-05	-6.542111604730265e-02	4.077523857936495e+04	1.748395060856743e+05	2.091914953476211e+05	-8.552084016006525e+00	-1.327899298142486e+02	8.019731170117508e+00	1.380676972394644e+03
4.385945000000001e+01	1.402160207611889e+03	2.624194370184265e+01	1.294349693039379e-05	-6.239195698437346e-02	4.228955704612155e+04	1.816646389826335e+05	2.174282390732487e+05	-8.689326126326010e+00	-5.798076814362316e+01	8.140287370428160e+00	1.402160207611889e+03
4.455015000000001e+01	1.422785502762673e+03	2.650734713605513e+01	1.275586257229701e-05	-5.976697529864906e-02	4.361532951554858e+04	1.885290112729066e+05	2.255201025738299e+05	-8.827810488936745e+00	9.386055483448159e+00	8.259598212489493e+00	1.422785502762673e+03
4.524085000000001e+01	1.442304356698979e+03	2.676086956661450e+01	1.258323616578942e-05	-5.792342803363739e-02	4.446003243996420e+04	1.953341552314168e+05	2.330781916094614e+05	-8.955262570203303e+00	5.850658132686419e+01	8.374042891885498e+00	1.442304356698979e+03
4.593155000000001e+01	1.460767122880440e+03	2.700316950945764e+01	1.242419551963057e-05	-5.680194113102568e-02	4.483171610344586e+04	2.020779149953078e+05	2.401089509685229e+05	-9.070893091058815e+00	8.950042244978137e+01	8.475858750093645e+00	1.460767122880440e+03
4.662225000000001e+01	1.478432959671253e+03	2.723759845103698e+01	1.227573845973811e-05	-5.609128952375432e-02	4.492940892026966e+04	2.088374570845216e+05	2.468875680974163e+05	-9.182548122894360e+00	1.098521497536842e+02	8.576964583519956e+00	1.478432959671253e+03
4.731295000000001e+01	1.495765340658520e+03	2.747022427277635e+01	1.213349169804956e-05	-5.514241450123408e-02	4.499990806075660e+04	2.157820588929124e+05	2.538256080685567e+05	-9.288930680356447e+00	1.380005442275413e+02	8.670800462325015e+00	1.495765340658520e+03
4.800365000000001e+01	1.512758614630814e+03	2.770088243964958e+01	1.199719252465265e-05	-5.401850358715361e-02	4.506785118760767e+04	2.229054839334276e+05	2.609419986455404e+05	-9.394910699962661e+00	1.725056521699692e+02	8.762625841138711e+00	1.512758614630814e+03
4.869435000000001e+01	1.529378399235728e+03	2.792901885712326e+01	1.185825677027449e-05	-5.280716489469508e-02	4.513296800111969e+04	2.301884367098140e+05	2.682178013306106e+05	-9.500042666702983e+00	2.109617176158008e+02	8.851590068803514e+00	1.529378399235728e+03
4.938505000000001e+01	1.545633744299075e+03	2.815467075635475e+01	1.173354413612534e-05	-5.150724750905047e-02	4.519539804171278e+04	2.376295411120547e+05	2.756516172745749e+05	-9.603029572542786e+00	2.536034809925141e+02	8.938913222419473e+00	1.545633744299075e+03
5.007575000000001e+01	1.561534120539962e+03	2.837788291867350e+01	1.161406690922377e-05	-5.011710224098503e-02	4.525529136601997e+04	2.452276516292705e+05	2.832422917387876e+05	-9.701667860401944e+00	3.006905466543919e+02	9.027132971903550e+00	1.561534120539962e+03
5.076645000000001e+01	1.577089345949304e+03	2.859870693757687e+01	1.149951447173461e-05	-4.863478925812111e-02	4.531278759925495e+04	2.529818656708140e+05	2.909889072263119e+05	-9.799452899721476e+00	3.524996171910319e+02	9.114405582274735e+00	1.577089345949304e+03
5.145715000000001e+01	1.592309024975594e+03	2.881719352591742e+01	1.138959930043325e-05	-4.705513437675465e-02	4.536801212898668e+04	2.608912895990117e+05	2.988905318524172e+05	-9.891640939605463e+00	4.094332823836438e+02	9.198142120030894e+00	1.592309024975594e+03
5.214785000000001e+01	1.607459372938097e+03	2.903708559269476e+01	1.128225201970689e-05	-4.480440270221259e-02	4.542435924555694e+04	2.690955185361701e+05	3.070834727673203e+05	-9.982434181621112e+00	4.930353941920053e+02	9.280048064228241e+00	1.607459372938097e+03
5.283855000000001e+01	1.622672246737981e+03	2.926022903710175e+01	1.117647867176357e-05	-4.148307408214173e-02	4.548540835914754e+04	2.776740967166934e+05	3.156438536389590e+05	-1.006691856532327e+01	6.200984697151097e+02	9.361722930797157e+00	1.622672246737981e+03
5.352925000000001e+01	1.637980248974562e+03	2.948703899247958e+01	1.107202713114365e-05	-3.687231872975147e-02	4.555449414510439e+04	2.866562614887268e+05	3.245976720890339e+05	-1.014748093586337e+01	8.016624964792026e+02	9.443797395114922e+00	1.637980248974562e+03
5.421995000000001e+01	1.653189537490722e+03	2.971458094748665e+01	1.098528504446518e-05	-3.115328240055257e-02	4.563334511479043e+04	2.959356352389869e+05	3.338365409172006e+05	-1.022087758353337e+01	1.033341831583661e+03	9.525373517312101e+00	1.653189537490722e+03
5.491065000000001e+01	1.668024399956537e+03	2.993866652985759e+01	1.088758551872382e-05	-2.466132135195917e-02	4.572316228047529e+04	3.053430823136243e+05	3.431899267524736e+05	-1.029070130132558e+01	1.303747509257423e+03	9.606175710842491e+00	1.668024399956537e+03
5.560135000000001e+01	1.682445898398238e+03	3.015864052725439e+01	1.079489125722189e-05	-1.740989406255926e-02	4.582656262398275e+04	3.148473568116585e+05	3.526243253028398e+05	-1.036240169726427e+01	1.614142986227733e+03	9.676243031642235e+00	1.682445898398238e+03
5.629205000000001e+01	1.696676841442656e+03	3.037783551635253e+01	1.070434868664843e-05	-9.240095751195587e-03	4.594653528959183e+04	3.245903295301441e+05	3.622793054634613e+05	-1.043814183316251e+01	1.973344188407289e+03	9.741888591325589e+00	1.696676841442656e+03
5.698275000000001e+01	1.710649933838537e+03	3.059515229222280e+01	1.061691241445920e-05	-4.820187475291866e-04	4.608252703367463e+04	3.345220070958658e+05	3.721057306165105e+05	-1.051296696678580e+01	2.368673126414129e+03	9.807136406059815e+00	1.710649933838537e+03
5.767345000000001e+01	1.724224106605081e+03	3.080832962218893e+01	1.053332942614192e-05	8.402558857452117e-03	4.623139110582599e+04	3.445321604198011e+05	3.819965219491279e+05	-1.057919874340938e+01	2.780210405670457e+03	9.871526930798177e+00	1.724224106605081e+03
5.836415000000001e+01	1.737656590470762e+03	3.102134243188930e+01	1.045190437451689e-05	1.739074907723601e-02	4.638956893139944e+04	3.547981591915956e+05	3.921328748838525e+05	-1.064574372183216e+01	3.207251128846956e+03	9.933715875308415e+00	1.737656590470762e+03
5.905485000000001e+01	1.750990546078567e+03	3.123482019525094e+01	1.037231215213467e-05	2.569346110257561e-02	4.653988092791180e+04	3.653346944841587e+05	4.025474197912879e+05	-1.071145729827552e+01	3.611687940834449e+03	9.996030419248676e+00	1.750990546078567e+03
5.974555000000001e+01	1.764064444893538e+03	3.144611995682554e+01	1.029544049364956e-05	3.199221340621245e-02	4.665448200596439e+04	3.759846977267641e+05	4.131116375756420e+05	-1.077873075038979e+01	3.926125109332797e+03	1.005878737846959e+01	1.764064444893538e+03
6.043625000000001e+01	1.777134182826499e+03	3.165932468045768e+01	1.021972380863696e-05	3.652952198830367e-02	4.673138085282881e+04	3.869494066633907e+05	4.240331997428827e+05	-1.084724474332585e+01	4.158155850783344e+03	1.012423848533296e+01	1.777134182826499e+03
6.112695000000001e+01	1.790405489526268e+03	3.187775223534247e+01	1.014397052824304e-05	4.036033924156610e-02	4.678674353444177e+04	3.984219423459927e+05	4.354958600749489e+05	-1.091636950020996e+01	4.358758055576218e+03	1.019220090836690e+01	1.790405489526268e+03
6.181765000000001e+01	1.803748510672933e+03	3.209922916887229e+01	1.006893167861390e-05	4.484717615984966e-02	4.684888197466423e+04	4.103254763439792e+05	4.474014627664139e+05	-1.098655291412334e+01	4.599262830238637e+03	1.026083241197601e+01	1.803748510672933e+03
6.250835000000001e+01	1.817040574229134e+03	3.232167877869841e+01	1.000135692604312e-05	5.000610614541686e-02	4.692593252866613e+04	4.225597335232818e+05	4.596498013164178e+05	-1.105595530976154e+01	4.882222056483119e+03	1.032887361253135e+01	1.817040574229134e+03
6.319905000000001e+01	1.830057737177353e+03	3.254130888349515e+01	9.930050574343865e-06	5.555928683667535e-02	4.701984375213575e+04	4.349156050631056e+05	4.720353142455179e+05	-1.112387075017102e+01	5.193776017882130e+03	1.039831943858823e+01	1.830057737177353e+03
6.388975000000001e+01	1.842151399114463e+03	3.274711034438519e+01	9.864860126479927e-06	6.130235008303967e-02	4.712809828032606e+04	4.467545906217839e+05	4.839204233754865e+05	-1.118000047352577e+01	5.523244164668254e+03	1.046498248972458e+01	1.842151399114463e+03
6.458045000000000e+01	1.853039618680721e+03	3.293415890406163e+01	9.806895492575270e-06	6.679003293469629e-02	4.724491568014620e+04	4.577531169716197e+05	4.949786188806742e+05	-1.122792150337206e+01	5.845045261233085e+03	1.052072983461720e+01	1.853039618680721e+03
6.527115000000001e+01	1.862545890024715e+03	3.309920407876186e+01	9.757158512769035e-06	7.161153631340499e-02	4.734543327962262e+04	4.676681304610202e+05	5.049455959819304e+05	-1.127187431909901e+01	6.133952050479556e+03	1.056887090471070e+01	1.862545890024715e+03
6.596185000000000e+01	1.870360327793299e+03	3.323650548408278e+01	9.721042400709343e-06	7.577130134892003e-02	4.740198211067061e+04	4.760917149041811e+05	5.133880536420494e+05	-1.131126420299750e+01	6.388558328593904e+03	1.060961444056429e+01	1.870360327793299e+03
6.665255000000001e+01	1.876436034149470e+03	3.334470318992970e+01	9.689566667977346e-06	7.904524930421425e-02	4.742169044059508e+04	4.828677700709082e+05	5.201576372669208e+05	-1.134402068930445e+01	6.593175967485192e+03	1.064304860831531e+01	1.876436034149470e+03
6.734325000000001e+01	1.880441475390052e+03	3.341712191887986e+01	9.668927371068097e-06	8.129051010866968e-02	4.743081575398677e+04	4.874960277318828e+05	5.247793658197301e+05	-1.136018888524515e+01	6.736412333161161e+03	1.066782106783997e+01	1.880441475390052e+03
6.803395000000000e+01	1.881968751191412e+03	3.344521454465522e+01	9.661080737700775e-06	8.234799735433126e-02	4.743433609243832e+04	4.893281265307556e+05	5.266084653615555e+05	-1.136712715420577e+01	6.805248590886759e+03	1.067558156317581e+01	1.881968751191412e+03
6.872465000000001e+01	1.882153994575656e+03	3.344868678020917e+01	9.660129884956281e-06	8.249736610624246e-02	4.743477320305649e+04	4.895591143191850e+05	5.268390282421915e+05	-1.136678948619294e+01	6.815165894340642e+03	1.067553567633149e+01	1.882153994575656e+03
