2 0.000000 100.000000 205.462523
731 613 
1 -396.914234 0.000000 -402.414234 99.999334 0.002011 0.000314 0.000013 
2 473.760905 0.000000 -402.414234 99.999318 0.044449 -0.008494 0.000013 
3 473.760905 0.000000 415.214234 100.000696 -0.043219 -0.008077 -0.000014 
4 -396.914234 0.000000 415.214234 100.000680 -0.002102 0.000303 -0.000014 
5 38.423335 0.000000 6.400000 103.364339 0.087033 -1.480862 -0.068639 
6 -396.914234 0.000000 6.400000 100.000019 -0.000064 0.000512 -0.000000 
7 38.423335 0.000000 -402.414234 99.991972 0.018481 -0.003984 0.000161 
8 473.760905 0.000000 6.400000 100.000057 -1.467232 -1.650465 -0.000489 
9 38.423335 0.000000 415.214234 100.007573 -0.018294 -0.003801 -0.000151 
10 -179.245449 0.000000 -198.007117 99.997405 0.003467 0.001275 0.000052 
11 -396.914234 0.000000 -198.007117 99.999588 0.001084 0.000453 0.000008 
12 -179.245449 0.000000 -402.414234 99.997316 0.005292 0.000323 0.000054 
13 38.423335 0.000000 -198.007117 99.960941 0.027193 -0.016237 0.000781 
14 -179.245449 0.000000 6.400000 100.000176 -0.000252 0.002868 -0.000004 
15 256.092120 0.000000 -198.007117 99.997275 0.087382 -0.034012 0.000054 
16 256.092120 0.000000 -402.414234 99.997229 0.038279 -0.008480 0.000055 
17 473.760905 0.000000 -198.007117 99.999577 0.093200 -0.033182 0.000007 
18 256.092120 0.000000 6.400000 100.000239 -1.450994 -1.715566 -0.000510 
19 -179.245449 0.000000 210.807117 100.002707 -0.003794 0.001191 -0.000054 
20 -396.914234 0.000000 210.807117 100.000441 -0.001200 0.000445 -0.000009 
21 38.423335 0.000000 210.807117 100.034753 -0.027788 -0.014816 -0.000695 
22 -179.245449 0.000000 415.214234 100.002664 -0.005453 0.000275 -0.000053 
23 -70.411057 0.000000 -95.803559 99.989679 0.006333 0.005713 0.000206 
24 -179.245449 0.000000 -95.803559 99.998432 0.001982 0.001812 0.000031 
25 -70.411057 0.000000 -198.007117 99.989376 0.008150 0.001364 0.000212 
26 38.423335 0.000000 -95.803559 99.860532 0.120287 -0.059520 0.002786 
27 -70.411057 0.000000 6.400000 100.001140 -0.000732 0.008384 -0.000023 
28 256.092120 0.000000 210.807117 100.002833 -0.082560 -0.030809 -0.000057 
29 473.760905 0.000000 210.807117 100.000454 -0.088696 -0.030063 -0.000010 
30 256.092120 0.000000 415.214234 100.002741 -0.037066 -0.008027 -0.000055 
31 147.257728 0.000000 -95.803559 99.989250 0.169784 -0.130923 0.000210 
32 147.257728 0.000000 -198.007117 99.986134 0.068127 -0.035792 0.000277 
33 256.092120 0.000000 -95.803559 99.998176 0.181558 -0.127160 0.000032 
34 147.257728 0.000000 6.400000 100.001386 -1.440805 -1.751924 -0.000542 
35 -70.411057 0.000000 108.603559 100.011231 -0.007451 0.005051 -0.000225 
36 -179.245449 0.000000 108.603559 100.001796 -0.002392 0.001747 -0.000036 
37 38.423335 0.000000 108.603559 100.110636 -0.100342 -0.049553 -0.002215 
38 -70.411057 0.000000 210.807117 100.010431 -0.010519 0.001033 -0.000209 
39 -15.993861 0.000000 -44.701779 99.963785 0.024232 0.021971 0.000724 
40 -70.411057 0.000000 -44.701779 99.994171 0.004218 0.007731 0.000117 
41 -15.993861 0.000000 -95.803559 99.958716 0.026050 0.007026 0.000825 
42 38.423335 0.000000 -44.701779 99.508524 0.286950 -0.190774 0.009793 
43 -15.993861 0.000000 6.400000 100.008156 -0.005331 0.030323 -0.000163 
44 147.257728 0.000000 108.603559 100.013182 -0.147140 -0.110099 -0.000267 
45 256.092120 0.000000 108.603559 100.001873 -0.165283 -0.105432 -0.000041 
46 147.257728 0.000000 210.807117 100.010866 -0.063567 -0.030677 -0.000218 
47 92.840531 0.000000 -44.701779 99.970901 0.330751 -0.415016 0.000554 
48 92.840531 0.000000 -95.803559 99.955524 0.168703 -0.132808 0.000885 
49 147.257728 0.000000 -44.701779 99.994013 0.332217 -0.402109 0.000093 
50 92.840531 0.000000 6.400000 100.008115 -1.368148 -1.081828 -0.000467 
51 -15.993861 0.000000 57.501779 100.043471 -0.029751 0.018185 -0.000870 
52 -70.411057 0.000000 57.501779 100.007664 -0.004581 0.007337 -0.000153 
53 38.423335 0.000000 57.501779 100.334268 -0.211384 -0.139908 -0.006703 
54 -15.993861 0.000000 108.603559 100.041137 -0.025896 0.004447 -0.000823 
55 11.214737 0.000000 -19.150890 99.884236 0.037148 0.088376 0.002313 
56 -15.993861 0.000000 -19.150890 99.982099 0.009600 0.028976 0.000358 
57 11.214737 0.000000 -44.701779 99.848848 0.085663 0.033204 0.003020 
58 38.423335 0.000000 -19.150890 98.411003 0.623844 -0.593134 0.031453 
59 11.214737 0.000000 6.400000 100.055008 0.000000 0.097582 -0.001101 
60 -288.079842 0.000000 -95.803559 99.999512 0.000883 0.000863 0.000010 
61 -396.914234 0.000000 -95.803559 99.999790 0.000525 0.000498 0.000004 
62 -288.079842 0.000000 -198.007117 99.999087 0.001788 0.000733 0.000018 
63 -288.079842 0.000000 6.400000 100.000044 -0.000108 0.000908 -0.000001 
64 -124.828253 0.000000 -44.701779 99.998037 0.001289 0.004117 0.000039 
65 -179.245449 0.000000 -44.701779 99.999237 0.000742 0.001968 0.000015 
66 -124.828253 0.000000 -95.803559 99.996129 0.002875 0.003561 0.000077 
67 -124.828253 0.000000 6.400000 100.000343 -0.000396 0.003736 -0.000007 
68 -43.202459 0.000000 -19.150890 99.994126 0.004032 0.014923 0.000117 
69 -70.411057 0.000000 -19.150890 99.997520 0.001328 0.008163 0.000050 
70 -43.202459 0.000000 -44.701779 99.986795 0.008303 0.013211 0.000264 
71 -43.202459 0.000000 6.400000 100.002660 -0.002265 0.015380 -0.000053 
72 92.840531 0.000000 57.501779 100.035948 -0.283305 -0.305622 -0.000736 
73 147.257728 0.000000 57.501779 100.008132 -0.287380 -0.298079 -0.000180 
74 92.840531 0.000000 108.603559 100.043424 -0.147269 -0.108601 -0.000872 
75 11.214737 0.000000 31.950890 100.157306 -0.069973 0.053772 -0.003149 
76 -15.993861 0.000000 31.950890 100.034100 -0.020821 0.029845 -0.000682 
77 38.423335 0.000000 31.950890 100.843478 -0.423960 -0.311481 -0.016968 
78 11.214737 0.000000 57.501779 100.157079 -0.087204 0.016862 -0.003145 
79 -2.389562 0.000000 -6.375445 99.986803 0.002934 0.052478 0.000264 
80 -15.993861 0.000000 -6.375445 99.994786 0.002217 0.030442 0.000104 
81 -2.389562 0.000000 -19.150890 99.960325 0.017172 0.046799 0.000793 
82 11.214737 0.000000 -6.375445 99.965430 0.000000 0.096020 0.000690 
83 -2.389562 0.000000 6.400000 100.019377 -0.006983 0.052136 -0.000388 
84 65.631933 0.000000 -19.150890 99.970227 0.558818 -1.023719 0.000459 
85 65.631933 0.000000 -44.701779 99.839941 0.341338 -0.445347 0.003167 
86 92.840531 0.000000 -19.150890 99.992546 0.488620 -0.840597 0.000055 
87 65.631933 0.000000 6.400000 99.413895 -0.336087 -0.356114 0.011664 
88 24.819036 0.000000 -6.375445 98.339355 -0.140860 4.292021 0.031093 
89 24.819036 0.000000 -19.150890 99.458763 0.153608 0.177598 0.010790 
90 38.423335 0.000000 -6.375445 98.051180 0.376509 -3.087841 0.037629 
91 24.819036 0.000000 6.400000 100.386616 -0.090772 3.054797 -0.008681 
92 -288.079842 0.000000 108.603559 100.000567 -0.001091 0.000849 -0.000011 
93 -396.914234 0.000000 108.603559 100.000245 -0.000650 0.000493 -0.000005 
94 -288.079842 0.000000 210.807117 100.000971 -0.001974 0.000710 -0.000019 
95 -124.828253 0.000000 57.501779 100.002634 -0.002101 0.003995 -0.000053 
96 -179.245449 0.000000 57.501779 100.001035 -0.001201 0.001931 -0.000021 
97 -124.828253 0.000000 108.603559 100.004361 -0.003614 0.003358 -0.000087 
98 -43.202459 0.000000 31.950890 100.010774 -0.008353 0.014335 -0.000216 
99 -70.411057 0.000000 31.950890 100.004619 -0.002838 0.007889 -0.000092 
100 -43.202459 0.000000 57.501779 100.017365 -0.011497 0.012473 -0.000347 
101 -2.389562 0.000000 19.175445 100.045253 -0.021216 0.045858 -0.000906 
102 -15.993861 0.000000 19.175445 100.020584 -0.012608 0.028347 -0.000412 
103 11.214737 0.000000 19.175445 100.130413 -0.044288 0.084501 -0.002611 
104 -2.389562 0.000000 31.950890 100.064098 -0.038510 0.037836 -0.001283 
105 4.412588 0.000000 0.012278 100.005653 -0.000352 0.011874 -0.000113 
106 -2.389562 0.000000 0.012278 100.003134 -0.001971 0.053633 -0.000063 
107 4.412588 0.000000 -6.375445 99.972538 -0.009921 0.069813 0.000549 
108 11.214737 0.000000 0.012278 100.008852 -0.000420 0.026562 -0.000177 
109 4.412588 0.000000 6.400000 100.037368 0.004156 0.069180 -0.000748 
110 65.631933 0.000000 31.950890 100.096944 -0.457669 -0.694568 -0.002009 
111 92.840531 0.000000 31.950890 100.018553 -0.446267 -0.561218 -0.000422 
112 65.631933 0.000000 57.501779 100.143135 -0.277828 -0.315318 -0.002882 
113 24.819036 0.000000 19.175445 100.576677 -0.158507 0.131880 -0.011571 
114 38.423335 0.000000 19.175445 101.577716 -0.658841 -0.573122 -0.031879 
115 24.819036 0.000000 31.950890 100.453981 -0.199619 0.025242 -0.009104 
116 18.016887 0.000000 0.012278 99.992340 0.000474 0.056096 0.000153 
117 18.016887 0.000000 -6.375445 99.898726 0.000000 0.132390 0.002023 
118 24.819036 0.000000 0.012278 100.221507 -0.195395 1.545393 -0.004678 
119 18.016887 0.000000 6.400000 100.095332 0.000000 0.150901 -0.001910 
120 -70.411057 0.000000 -300.210676 99.992124 0.009831 -0.000175 0.000158 
121 -179.245449 0.000000 -300.210676 99.997135 0.004612 0.000725 0.000057 
122 -70.411057 0.000000 -402.414234 99.994422 0.009827 -0.000644 0.000112 
123 38.423335 0.000000 -300.210676 99.985634 0.022575 -0.007027 0.000287 
124 -15.993861 0.000000 -146.905338 99.967392 0.017960 0.000393 0.000652 
125 -70.411057 0.000000 -146.905338 99.987577 0.007531 0.003841 0.000248 
126 -15.993861 0.000000 -198.007117 99.973374 0.015611 -0.001438 0.000532 
127 38.423335 0.000000 -146.905338 99.937795 0.036281 -0.027251 0.001244 
128 11.214737 0.000000 -70.252669 99.881291 0.078800 0.002700 0.002372 
129 -15.993861 0.000000 -70.252669 99.955510 0.030331 0.015080 0.000889 
130 11.214737 0.000000 -95.803559 99.908131 0.064834 -0.005726 0.001836 
131 38.423335 0.000000 -70.252669 99.771177 0.172834 -0.098746 0.004567 
132 24.819036 0.000000 -31.926334 99.556397 0.188793 0.041956 0.008849 
133 11.214737 0.000000 -31.926334 99.852465 0.064449 0.057927 0.002948 
134 24.819036 0.000000 -44.701779 99.672126 0.169276 -0.008912 0.006544 
135 38.423335 0.000000 -31.926334 99.167951 0.420217 -0.299411 0.016545 
136 18.016887 0.000000 -12.763167 99.819026 0.022010 0.161540 0.003614 
137 11.214737 0.000000 -12.763167 99.913678 0.014753 0.102817 0.001725 
138 18.016887 0.000000 -19.150890 99.768950 0.072363 0.130792 0.004613 
139 24.819036 0.000000 -12.763167 99.522353 0.086811 0.314155 0.009520 
140 14.615812 0.000000 -3.181584 99.968502 -0.000161 0.084078 0.000629 
141 11.214737 0.000000 -3.181584 99.984875 -0.000122 0.056908 0.000302 
142 14.615812 0.000000 -6.375445 99.964818 0.000000 0.098102 0.000703 
143 18.016887 0.000000 -3.181584 99.963444 0.000458 0.054905 0.000731 
144 14.615812 0.000000 0.012278 100.007346 -0.000135 0.028308 -0.000147 
145 18.016887 0.000000 12.787722 100.220114 -0.023699 0.154692 -0.004410 
146 11.214737 0.000000 12.787722 100.103069 -0.019994 0.100130 -0.002063 
147 24.819036 0.000000 12.787722 100.594010 -0.090876 0.226270 -0.011921 
148 18.016887 0.000000 19.175445 100.260187 -0.078677 0.119476 -0.005213 
149 14.615812 0.000000 3.206139 100.051472 -0.000160 0.085846 -0.001030 
150 11.214737 0.000000 3.206139 100.033892 -0.000119 0.058544 -0.000678 
151 18.016887 0.000000 3.206139 100.020507 0.000457 0.060079 -0.000411 
152 14.615812 0.000000 6.400000 100.057020 0.000000 0.097786 -0.001142 
153 52.027634 0.000000 -6.375445 99.740730 0.000000 -1.160857 0.005044 
154 52.027634 0.000000 -19.150890 99.393179 0.660441 -1.144432 0.011925 
155 65.631933 0.000000 -6.375445 100.308141 0.657301 -1.383961 -0.006407 
156 52.027634 0.000000 6.400000 100.500359 0.000000 -1.477527 -0.010251 
157 31.621186 0.000000 0.012278 102.105115 -0.303272 -0.058679 -0.042555 
158 31.621186 0.000000 -6.375445 97.080083 -0.067975 2.108571 0.057101 
159 38.423335 0.000000 0.012278 102.920087 -0.042638 -1.180081 -0.059394 
160 31.621186 0.000000 6.400000 102.507242 -0.050634 0.740071 -0.050828 
161 52.027634 0.000000 19.175445 100.690669 -0.630247 -1.178342 -0.014040 
162 65.631933 0.000000 19.175445 99.787999 -0.000000 -1.076578 0.004120 
163 52.027634 0.000000 31.950890 100.533740 -0.456279 -0.683792 -0.010771 
164 45.225485 0.000000 0.012278 100.400770 0.081774 -0.944862 -0.008121 
165 45.225485 0.000000 -6.375445 99.396200 0.349978 -2.901274 0.011186 
166 52.027634 0.000000 0.012278 100.132626 -0.057781 -0.359912 -0.002668 
167 45.225485 0.000000 6.400000 101.410253 0.000000 -1.635897 -0.028672 
168 147.257728 0.000000 -300.210676 99.991789 0.042153 -0.014235 0.000164 
169 147.257728 0.000000 -402.414234 99.994270 0.029889 -0.007430 0.000114 
170 256.092120 0.000000 -300.210676 99.997017 0.054428 -0.015281 0.000059 
171 92.840531 0.000000 -146.905338 99.962802 0.065477 -0.057992 0.000743 
172 92.840531 0.000000 -198.007117 99.972162 0.048545 -0.031702 0.000556 
173 147.257728 0.000000 -146.905338 99.985299 0.099425 -0.062682 0.000293 
174 65.631933 0.000000 -70.252669 99.873759 0.220831 -0.211918 0.002514 
175 65.631933 0.000000 -95.803559 99.904868 0.154457 -0.116689 0.001898 
176 92.840531 0.000000 -70.252669 99.957858 0.229045 -0.222962 0.000832 
177 52.027634 0.000000 -31.926334 99.498827 0.463113 -0.651384 0.009934 
178 52.027634 0.000000 -44.701779 99.636956 0.339596 -0.388825 0.007221 
179 65.631933 0.000000 -31.926334 99.865242 0.432930 -0.672242 0.002629 
180 45.225485 0.000000 -12.763167 98.655008 0.972625 -1.540819 0.026387 
181 38.423335 0.000000 -12.763167 97.674611 0.868749 -0.998606 0.045792 
182 45.225485 0.000000 -19.150890 98.840278 0.701984 -1.041943 0.022902 
183 52.027634 0.000000 -12.763167 99.444719 0.817526 -1.487025 0.010787 
184 364.926512 0.000000 -95.803559 99.999496 0.184345 -0.125734 0.000005 
185 364.926512 0.000000 -198.007117 99.999054 0.091746 -0.033466 0.000018 
186 473.760905 0.000000 -95.803559 99.999786 0.185116 -0.125356 -0.000001 
187 364.926512 0.000000 6.400000 100.000084 -1.459825 -1.681925 -0.000498 
188 201.674924 0.000000 -44.701779 99.997900 0.331181 -0.398457 0.000015 
189 201.674924 0.000000 -95.803559 99.995475 0.177309 -0.129336 0.000086 
190 256.092120 0.000000 -44.701779 99.998965 0.332924 -0.397176 -0.000006 
191 201.674924 0.000000 6.400000 100.000436 -1.445920 -1.732062 -0.000518 
192 120.049130 0.000000 -19.150890 99.995643 0.485293 -0.825533 -0.000005 
193 120.049130 0.000000 -44.701779 99.987554 0.331193 -0.406578 0.000221 
194 147.257728 0.000000 -19.150890 99.997865 0.485501 -0.820341 -0.000048 
195 120.049130 0.000000 6.400000 100.005049 -1.437913 -1.764207 -0.000619 
196 79.236232 0.000000 -6.375445 100.067791 0.399281 -1.078160 -0.001488 
197 79.236232 0.000000 -19.150890 100.019135 0.498161 -0.866085 -0.000483 
198 92.840531 0.000000 -6.375445 100.000997 0.382292 -1.068835 -0.000149 
199 79.236232 0.000000 6.400000 99.995174 -1.086305 -0.715717 -0.000073 
200 58.829784 0.000000 0.012278 100.128897 -0.026406 -0.376995 -0.002594 
201 58.829784 0.000000 -6.375445 99.974141 0.000000 -1.430487 0.000312 
202 65.631933 0.000000 0.012278 101.011947 -0.024672 -0.179251 -0.020345 
203 58.829784 0.000000 6.400000 100.452387 0.000000 -1.080699 -0.009185 
204 48.626560 0.000000 -3.181584 99.789551 -0.014435 -0.940162 0.004116 
205 45.225485 0.000000 -3.181584 99.897286 0.160550 -1.514849 0.001821 
206 48.626560 0.000000 -6.375445 99.574221 0.081331 -1.341909 0.008317 
207 52.027634 0.000000 -3.181584 99.974973 -0.073507 -0.542479 0.000471 
208 48.626560 0.000000 0.012278 100.215976 -0.066245 -0.546223 -0.004354 
209 45.225485 0.000000 12.787722 101.506725 -0.884206 -1.470949 -0.030656 
210 38.423335 0.000000 12.787722 102.267849 -0.983559 -0.882410 -0.046046 
211 52.027634 0.000000 12.787722 100.680485 -0.779107 -1.507484 -0.013944 
212 45.225485 0.000000 19.175445 101.247274 -0.669447 -1.030935 -0.025252 
213 48.626560 0.000000 3.206139 100.558685 -0.045702 -0.969196 -0.011299 
214 45.225485 0.000000 3.206139 100.909570 0.135319 -1.315391 -0.018449 
215 52.027634 0.000000 3.206139 100.317971 -0.064833 -0.753865 -0.006427 
216 48.626560 0.000000 6.400000 100.785229 0.000000 -1.299602 -0.015935 
217 41.824410 0.000000 -3.181584 100.235523 0.176776 -1.781352 -0.005036 
218 38.423335 0.000000 -3.181584 99.516218 0.056923 -2.469009 0.009042 
219 41.824410 0.000000 -6.375445 98.670147 0.385686 -3.267137 0.025338 
220 41.824410 0.000000 0.012278 101.412316 0.095884 -1.265611 -0.028607 
221 21.417961 0.000000 -3.181584 99.611204 -0.029291 1.020769 0.007657 
222 21.417961 0.000000 -6.375445 99.234989 -0.083264 2.864125 0.014421 
223 24.819036 0.000000 -3.181584 99.698068 -0.197842 1.927252 0.005654 
224 21.417961 0.000000 0.012278 100.154350 -0.052185 0.730793 -0.003143 
225 364.926512 0.000000 108.603559 100.000590 -0.168507 -0.104449 -0.000016 
226 473.760905 0.000000 108.603559 100.000253 -0.169449 -0.104086 -0.000009 
227 364.926512 0.000000 210.807117 100.001006 -0.087126 -0.030331 -0.000021 
228 201.674924 0.000000 57.501779 100.002867 -0.287409 -0.294911 -0.000074 
229 256.092120 0.000000 57.501779 100.001429 -0.289916 -0.293754 -0.000046 
230 201.674924 0.000000 108.603559 100.005350 -0.160445 -0.108181 -0.000111 
231 120.049130 0.000000 31.950890 100.010505 -0.445623 -0.555134 -0.000261 
232 147.257728 0.000000 31.950890 100.004572 -0.447096 -0.551130 -0.000142 
233 120.049130 0.000000 57.501779 100.015599 -0.286004 -0.300170 -0.000329 
234 79.236232 0.000000 19.175445 99.952975 -1.555470 -0.627468 0.000659 
235 92.840531 0.000000 19.175445 100.009935 -1.439473 -0.559438 -0.000437 
236 79.236232 0.000000 31.950890 100.009369 -0.450115 -0.585987 -0.000242 
237 72.434083 0.000000 0.012278 100.535698 -0.030250 -0.212529 -0.010747 
238 72.434083 0.000000 -6.375445 100.258171 0.459450 -1.133338 -0.005320 
239 79.236232 0.000000 0.012278 100.057092 -0.122283 -0.900413 -0.001225 
240 72.434083 0.000000 6.400000 100.059299 -0.311736 -0.010086 -0.001196 
241 58.829784 0.000000 12.787722 100.121583 0.000000 -1.440496 -0.002641 
242 65.631933 0.000000 12.787722 99.510044 -0.000000 -1.153264 0.009642 
243 58.829784 0.000000 19.175445 100.253834 -0.688574 -1.165339 -0.005266 
244 62.230859 0.000000 3.206139 100.494323 -0.127266 -0.825248 -0.009981 
245 58.829784 0.000000 3.206139 100.178086 -0.000796 -1.100934 -0.003686 
246 62.230859 0.000000 0.012278 100.600904 -0.027693 -0.220117 -0.012059 
247 65.631933 0.000000 3.206139 100.992612 -0.226208 -0.244805 -0.019962 
248 62.230859 0.000000 6.400000 99.325513 -0.126267 -1.091368 0.013324 
249 72.434083 0.000000 12.787722 99.643965 -0.597029 -0.666815 0.007028 
250 79.236232 0.000000 12.787722 99.951853 -0.506662 -0.636092 0.000897 
251 72.434083 0.000000 19.175445 99.814789 -1.632731 -0.748909 0.003378 
252 69.033008 0.000000 3.206139 100.734405 -0.171656 -0.181831 -0.014748 
253 69.033008 0.000000 0.012278 100.842751 -0.027677 -0.182888 -0.016929 
254 72.434083 0.000000 3.206139 100.060409 -0.317488 -0.009906 -0.001219 
255 69.033008 0.000000 6.400000 100.077387 -0.413832 -0.007055 -0.001565 
256 62.230859 0.000000 9.593861 99.711621 0.000000 -1.500833 0.005534 
257 58.829784 0.000000 9.593861 100.186776 0.000000 -1.511837 -0.003968 
258 65.631933 0.000000 9.593861 99.213988 -0.000000 -1.215450 0.015511 
259 62.230859 0.000000 12.787722 99.871608 0.000000 -1.367846 0.002379 
260 63.931396 0.000000 4.803069 99.651392 -0.295214 -0.317310 0.006941 
261 62.230859 0.000000 4.803069 99.707239 -0.178750 -0.824085 0.005776 
262 63.931396 0.000000 3.206139 100.997663 -0.161807 -0.420978 -0.020073 
263 65.631933 0.000000 4.803069 100.133354 -0.359996 -0.149498 -0.002684 
264 63.931396 0.000000 6.400000 98.877396 -0.184055 -0.653744 0.022280 
265 55.428709 0.000000 3.206139 100.281426 -0.010738 -0.818758 -0.005703 
266 55.428709 0.000000 0.012278 100.101225 -0.022678 -0.419649 -0.002043 
267 55.428709 0.000000 6.400000 100.417569 0.000000 -1.515698 -0.008599 
268 60.530321 0.000000 4.803069 100.112090 -0.071320 -1.208269 -0.002390 
269 58.829784 0.000000 4.803069 99.774237 0.000000 -0.835413 0.004440 
270 60.530321 0.000000 3.206139 100.216410 -0.033597 -1.263182 -0.004493 
271 60.530321 0.000000 6.400000 100.320754 0.000000 -1.345375 -0.006606 
272 58.829784 0.000000 -12.763167 99.837064 0.703745 -1.376333 0.003017 
273 58.829784 0.000000 -19.150890 99.750721 0.619940 -1.107783 0.004818 
274 65.631933 0.000000 -12.763167 100.086965 0.630411 -1.233684 -0.001932 
275 62.230859 0.000000 -3.181584 100.300619 -0.000000 -1.119754 -0.006147 
276 58.829784 0.000000 -3.181584 100.042923 -0.001934 -1.098936 -0.000979 
277 62.230859 0.000000 -6.375445 100.136596 0.753235 -1.511301 -0.003019 
278 65.631933 0.000000 -3.181584 100.574159 -0.000000 -0.961032 -0.011609 
279 63.931396 0.000000 1.609208 101.267497 -0.069574 -0.379876 -0.025526 
280 62.230859 0.000000 1.609208 100.737835 -0.047863 -0.498558 -0.014836 
281 63.931396 0.000000 0.012278 100.991889 -0.023243 -0.200115 -0.019940 
282 65.631933 0.000000 1.609208 101.215467 -0.060254 -0.257778 -0.024464 
283 63.081127 0.000000 4.004604 102.567612 -0.091806 0.597673 -0.052048 
284 62.230859 0.000000 4.004604 100.433959 -0.095034 -1.013714 -0.008802 
285 63.081127 0.000000 3.206139 100.590567 -0.154900 -0.615615 -0.011887 
286 63.931396 0.000000 4.004604 100.461642 -0.292895 -0.035678 -0.009263 
287 63.081127 0.000000 4.803069 99.630651 -0.218492 -0.576688 0.007335 
288 55.428709 0.000000 9.593861 100.251484 0.000000 -1.532538 -0.005271 
289 52.027634 0.000000 9.593861 100.263247 0.000000 -1.587189 -0.005524 
290 55.428709 0.000000 12.787722 100.246680 0.000000 -1.502730 -0.005166 
291 57.129246 0.000000 4.803069 100.245315 -0.089114 -0.582068 -0.004947 
292 55.428709 0.000000 4.803069 100.464266 -0.040104 -1.025636 -0.009412 
293 57.129246 0.000000 3.206139 100.215924 -0.001770 -1.015055 -0.004426 
294 57.129246 0.000000 6.400000 100.471008 0.000000 -1.167163 -0.009579 
295 60.530321 0.000000 1.609208 100.261770 -0.015778 -0.649127 -0.005284 
296 58.829784 0.000000 1.609208 100.158531 -0.021560 -0.572948 -0.003206 
297 60.530321 0.000000 0.012278 100.236038 -0.028644 -0.304849 -0.004736 
298 59.680053 0.000000 4.004604 99.984567 0.000000 -1.452613 0.000098 
299 58.829784 0.000000 4.004604 99.990843 0.000000 -1.243873 0.000028 
300 59.680053 0.000000 3.206139 100.235517 -0.000000 -1.198086 -0.004859 
301 60.530321 0.000000 4.004604 100.151309 -0.043635 -1.374546 -0.003218 
302 59.680053 0.000000 4.803069 99.666547 0.000000 -1.261462 0.006499 
303 60.530321 0.000000 7.996931 99.999920 0.000000 -1.561337 -0.000242 
304 58.829784 0.000000 7.996931 100.211274 0.000000 -1.543554 -0.004468 
305 62.230859 0.000000 7.996931 99.525292 -0.000000 -1.516003 0.009242 
306 60.530321 0.000000 9.593861 100.040526 0.000000 -1.532558 -0.001046 
307 59.680053 0.000000 5.601535 100.401026 0.000000 -1.210950 -0.008183 
308 58.829784 0.000000 5.601535 100.341096 -0.571145 -0.487339 -0.006890 
309 60.530321 0.000000 5.601535 100.226492 -0.061696 -1.235555 -0.004688 
310 59.680053 0.000000 6.400000 100.438241 0.000000 -1.231322 -0.008936 
311 61.380590 0.000000 5.601535 99.658584 -0.131226 -1.131955 0.006687 
312 61.380590 0.000000 4.803069 99.725278 -0.145338 -1.067084 0.005371 
313 62.230859 0.000000 5.601535 99.175289 -0.165588 -0.957450 0.016332 
314 61.380590 0.000000 6.400000 99.664890 -0.091588 -1.205944 0.006545 
315 60.105187 0.000000 5.202302 99.918284 -0.018371 -0.631506 0.001594 
316 59.680053 0.000000 5.202302 99.752889 -0.531577 -0.500247 0.004883 
317 60.105187 0.000000 4.803069 100.001147 -0.000000 -1.486730 -0.000244 
318 60.530321 0.000000 5.202302 100.177878 -0.062529 -1.240707 -0.003715 
319 60.105187 0.000000 5.601535 100.377978 0.000000 -1.282194 -0.007738 
320 57.129246 0.000000 7.996931 100.290314 0.000000 -1.489330 -0.006037 
321 55.428709 0.000000 7.996931 100.294737 0.000000 -1.550968 -0.006144 
322 57.129246 0.000000 9.593861 100.234655 0.000000 -1.518022 -0.004929 
323 57.979515 0.000000 5.601535 100.284286 -0.649232 -0.412769 -0.005753 
324 57.129246 0.000000 5.601535 100.306244 -0.456494 -0.480162 -0.006178 
325 57.979515 0.000000 4.803069 100.061018 -0.258805 -0.585282 -0.001262 
326 57.979515 0.000000 6.400000 100.400315 0.000000 -1.070213 -0.008137 
327 59.254918 0.000000 5.202302 100.087083 -0.444484 -0.493507 -0.001787 
328 58.829784 0.000000 5.202302 100.130021 -0.442491 -0.360494 -0.002635 
329 59.254918 0.000000 4.803069 99.703326 -0.000000 -0.995434 0.005826 
330 59.254918 0.000000 5.601535 100.346053 -0.392405 -0.600021 -0.006984 
331 59.680053 0.000000 7.198465 100.354227 -0.000000 -1.341064 -0.007277 
332 58.829784 0.000000 7.198465 100.354661 0.000000 -1.293976 -0.007273 
333 60.530321 0.000000 7.198465 100.214847 0.000000 -1.414286 -0.004502 
334 59.680053 0.000000 7.996931 100.141025 0.000000 -1.557631 -0.003065 
335 60.105187 0.000000 6.000767 100.602999 0.000000 -1.141660 -0.012227 
336 59.680053 0.000000 6.000767 100.510605 0.000000 -1.169868 -0.010375 
337 60.530321 0.000000 6.000767 100.244506 0.000000 -1.324074 -0.005071 
338 60.105187 0.000000 6.400000 100.445465 0.000000 -1.245599 -0.009084 
339 59.892620 0.000000 5.401918 100.213398 -0.231741 -0.571151 -0.004311 
340 59.680053 0.000000 5.401918 100.207476 -0.390811 -0.654512 -0.004212 
341 59.892620 0.000000 5.202302 99.812259 -0.389620 -0.465754 0.003714 
342 60.105187 0.000000 5.401918 100.016431 -0.027464 -0.357640 -0.000342 
343 59.892620 0.000000 5.601535 100.414152 0.000000 -1.238372 -0.008454 
344 61.380590 0.000000 4.004604 100.039295 -0.084704 -1.263165 -0.000946 
345 61.380590 0.000000 3.206139 100.396546 -0.063666 -1.167954 -0.008083 
346 60.105187 0.000000 4.403837 100.158388 -0.000000 -1.492567 -0.003393 
347 59.680053 0.000000 4.403837 99.863938 0.000000 -1.444856 0.002511 
348 60.105187 0.000000 4.004604 100.062580 -0.000000 -1.570448 -0.001499 
349 60.530321 0.000000 4.403837 100.141660 -0.085411 -1.247818 -0.002992 
350 60.955456 0.000000 4.403837 99.993939 -0.107154 -1.247037 -0.000035 
351 60.955456 0.000000 4.004604 100.036717 -0.082690 -1.289172 -0.000901 
352 61.380590 0.000000 4.403837 99.832997 -0.133456 -1.162649 0.003200 
353 60.955456 0.000000 4.803069 99.886593 -0.147568 -1.074847 0.002149 
354 60.317754 0.000000 4.603453 100.312601 -0.025251 -1.319281 -0.006436 
355 60.105187 0.000000 4.603453 100.103171 -0.000000 -1.506033 -0.002291 
356 60.317754 0.000000 4.403837 100.350560 -0.017216 -1.339798 -0.007203 
357 60.530321 0.000000 4.603453 100.147073 -0.066275 -1.294461 -0.003112 
358 60.317754 0.000000 4.803069 100.285745 -0.019745 -1.324766 -0.005899 
359 53.728172 0.000000 4.803069 100.471716 0.000000 -1.450237 -0.009667 
360 52.027634 0.000000 4.803069 100.484129 0.000000 -1.422704 -0.009908 
361 53.728172 0.000000 3.206139 100.389122 -0.007250 -1.120243 -0.007923 
362 53.728172 0.000000 6.400000 100.454432 0.000000 -1.522911 -0.009341 
363 56.278978 0.000000 5.601535 100.378421 -0.273032 -0.585556 -0.007624 
364 55.428709 0.000000 5.601535 100.417800 -0.120111 -0.544857 -0.008405 
365 56.278978 0.000000 4.803069 100.404514 -0.139703 -0.700595 -0.008158 
366 56.278978 0.000000 6.400000 100.567877 0.000000 -1.370154 -0.011578 
367 55.428709 0.000000 -3.181584 99.999313 -0.014844 -0.760583 -0.000044 
368 55.428709 0.000000 -6.375445 99.862201 0.000000 -1.394201 0.002560 
369 57.129246 0.000000 1.609208 100.128103 -0.024451 -0.487675 -0.002588 
370 55.428709 0.000000 1.609208 100.148348 -0.018280 -0.530788 -0.002997 
371 57.129246 0.000000 0.012278 100.091580 -0.026315 -0.411773 -0.001849 
372 57.979515 0.000000 4.004604 100.077937 -0.000000 -1.125679 -0.001686 
373 57.129246 0.000000 4.004604 100.244432 -0.000000 -1.060520 -0.005007 
374 57.979515 0.000000 3.206139 100.135515 -0.001145 -1.155511 -0.002846 
375 57.554381 0.000000 5.202302 100.149902 -0.343896 -0.357718 -0.003025 
376 57.129246 0.000000 5.202302 100.258825 -0.154405 -0.362644 -0.005199 
377 57.554381 0.000000 4.803069 100.141640 -0.160128 -0.573429 -0.002870 
378 57.979515 0.000000 5.202302 100.177738 -0.625279 -0.306385 -0.003606 
379 57.554381 0.000000 5.601535 100.262775 -0.504331 -0.445195 -0.005308 
380 56.278978 0.000000 4.004604 100.459775 0.000000 -1.000032 -0.009317 
381 55.428709 0.000000 4.004604 100.385306 -0.002211 -0.911433 -0.007804 
382 56.278978 0.000000 3.206139 100.255778 -0.002866 -1.083953 -0.005240 
383 56.704112 0.000000 5.202302 100.345544 -0.176555 -0.387786 -0.006941 
384 56.278978 0.000000 5.202302 100.364742 -0.325568 -0.446937 -0.007339 
385 56.704112 0.000000 4.803069 100.391894 -0.049682 -0.577648 -0.007887 
386 56.704112 0.000000 5.601535 100.331184 -0.365827 -0.509518 -0.006674 
387 57.979515 0.000000 7.198465 100.347611 0.000000 -1.211129 -0.007111 
388 57.129246 0.000000 7.198465 100.445768 0.000000 -1.283416 -0.009100 
389 57.979515 0.000000 7.996931 100.266703 0.000000 -1.501117 -0.005566 
390 57.554381 0.000000 6.000767 100.429667 -0.072089 -0.637993 -0.008653 
391 57.129246 0.000000 6.000767 100.373326 -0.134680 -0.939304 -0.007570 
392 57.979515 0.000000 6.000767 100.400119 0.000000 -1.036047 -0.008126 
393 57.554381 0.000000 6.400000 100.402909 0.000000 -1.038385 -0.008182 
394 57.341814 0.000000 5.401918 100.290948 -0.231656 -0.366607 -0.005846 
395 57.129246 0.000000 5.401918 100.342282 -0.066453 -0.370544 -0.006872 
396 57.341814 0.000000 5.202302 100.221592 -0.261306 -0.350816 -0.004456 
397 57.554381 0.000000 5.401918 100.234313 -0.334565 -0.363958 -0.004716 
398 57.341814 0.000000 5.601535 100.306166 -0.510195 -0.499570 -0.006184 
399 48.626560 0.000000 9.593861 101.018197 -0.942127 -1.719375 -0.020852 
400 45.225485 0.000000 9.593861 101.587589 -1.065933 -1.735002 -0.032418 
401 48.626560 0.000000 12.787722 101.040712 -0.813334 -1.524620 -0.021221 
402 53.728172 0.000000 7.996931 100.412761 0.000000 -1.545465 -0.008511 
403 52.027634 0.000000 7.996931 100.378910 0.000000 -1.655212 -0.007867 
404 53.728172 0.000000 9.593861 100.250949 0.000000 -1.560480 -0.005269 
405 56.278978 0.000000 7.198465 100.503680 0.000000 -1.444609 -0.010308 
406 55.428709 0.000000 7.198465 100.378277 0.000000 -1.532525 -0.007815 
407 56.278978 0.000000 7.996931 100.289739 0.000000 -1.506174 -0.006030 
408 56.704112 0.000000 6.000767 100.492321 0.000000 -1.245437 -0.010026 
409 56.278978 0.000000 6.000767 100.531470 0.000000 -1.315832 -0.010831 
410 56.704112 0.000000 6.400000 100.566764 0.000000 -1.251311 -0.011524 
411 56.916679 0.000000 5.401918 100.304663 -0.278297 -0.329983 -0.006121 
412 56.704112 0.000000 5.401918 100.327475 -0.263212 -0.374596 -0.006581 
413 56.916679 0.000000 5.202302 100.305362 -0.141386 -0.322810 -0.006129 
414 56.916679 0.000000 5.601535 100.331204 -0.226436 -0.493342 -0.006665 
415 57.554381 0.000000 4.403837 100.144999 -0.000000 -0.944736 -0.002991 
416 57.129246 0.000000 4.403837 100.247335 0.000000 -0.915919 -0.005037 
417 57.554381 0.000000 4.004604 100.159603 -0.000000 -1.084304 -0.003312 
418 57.979515 0.000000 4.403837 100.023850 -0.000000 -0.956126 -0.000568 
419 57.341814 0.000000 5.002686 100.189836 -0.171566 -0.425009 -0.003821 
420 57.129246 0.000000 5.002686 100.267193 -0.130024 -0.414491 -0.005370 
421 57.341814 0.000000 4.803069 100.195439 -0.089395 -0.599144 -0.003949 
422 57.554381 0.000000 5.002686 100.118121 -0.260647 -0.430613 -0.002389 
423 57.235530 0.000000 5.302110 100.265485 -0.235070 -0.346857 -0.005334 
424 57.129246 0.000000 5.302110 100.291868 -0.192194 -0.358919 -0.005862 
425 57.235530 0.000000 5.202302 100.231544 -0.221903 -0.342643 -0.004653 
426 57.341814 0.000000 5.302110 100.248481 -0.503208 -0.198160 -0.005005 
427 57.235530 0.000000 5.401918 100.335377 -0.069006 -0.402442 -0.006735 
428 53.728172 0.000000 1.609208 100.233900 -0.033878 -0.688008 -0.004731 
429 52.027634 0.000000 1.609208 100.232424 -0.066246 -0.552738 -0.004685 
430 53.728172 0.000000 0.012278 100.116242 -0.039082 -0.356529 -0.002339 
431 54.578440 0.000000 4.004604 100.646253 -0.003194 -1.056413 -0.013078 
432 53.728172 0.000000 4.004604 100.480560 -0.003568 -1.195669 -0.009777 
433 54.578440 0.000000 3.206139 100.391245 -0.009978 -0.937237 -0.007928 
434 54.578440 0.000000 4.803069 100.596090 0.000000 -1.383494 -0.012149 
435 56.278978 0.000000 2.407673 100.213464 -0.008022 -0.923022 -0.004359 
436 55.428709 0.000000 2.407673 100.221133 -0.013743 -0.735780 -0.004482 
437 56.278978 0.000000 1.609208 100.157159 -0.016738 -0.607619 -0.003183 
438 57.129246 0.000000 2.407673 100.168486 -0.012731 -0.693990 -0.003421 
439 55.853843 0.000000 3.605371 100.324114 -0.003588 -0.927312 -0.006579 
440 55.428709 0.000000 3.605371 100.343779 -0.004995 -0.835292 -0.006957 
441 55.853843 0.000000 3.206139 100.282549 -0.007359 -0.862356 -0.005733 
442 56.278978 0.000000 3.605371 100.335379 -0.001537 -1.006129 -0.006820 
443 55.853843 0.000000 4.004604 100.430252 -0.000521 -0.954606 -0.008715 
444 50.327097 0.000000 4.803069 100.488587 -0.045943 -1.144910 -0.009927 
445 48.626560 0.000000 4.803069 100.728991 -0.081445 -1.088426 -0.014752 
446 50.327097 0.000000 3.206139 100.396894 -0.087228 -0.794254 -0.008017 
447 50.327097 0.000000 6.400000 100.589812 0.000000 -1.372901 -0.012020 
448 52.877903 0.000000 4.004604 100.409738 -0.002012 -1.309713 -0.008383 
449 52.027634 0.000000 4.004604 100.423253 -0.025533 -1.262096 -0.008642 
450 52.877903 0.000000 3.206139 100.319111 -0.028168 -0.937756 -0.006480 
451 52.877903 0.000000 4.803069 100.480851 0.000000 -1.460348 -0.009853 
452 50.327097 0.000000 1.609208 100.255099 -0.098543 -0.538337 -0.005138 
453 48.626560 0.000000 1.609208 100.410509 -0.034820 -0.738692 -0.008282 
454 50.327097 0.000000 0.012278 100.144323 -0.103782 -0.417849 -0.002907 
455 52.877903 0.000000 2.407673 100.269410 -0.053076 -0.693156 -0.005444 
456 52.027634 0.000000 2.407673 100.277662 -0.063269 -0.623837 -0.005600 
457 52.877903 0.000000 1.609208 100.215459 -0.060220 -0.541831 -0.004344 
458 53.728172 0.000000 2.407673 100.292540 -0.009930 -0.924011 -0.005945 
459 53.303037 0.000000 3.605371 100.365926 -0.006117 -1.189440 -0.007473 
460 52.877903 0.000000 3.605371 100.374182 -0.005641 -1.174566 -0.007636 
461 53.303037 0.000000 3.206139 100.334654 -0.010214 -1.002635 -0.006805 
462 53.728172 0.000000 3.605371 100.436639 -0.005582 -1.160263 -0.008886 
463 53.303037 0.000000 4.004604 100.399046 -0.002871 -1.278123 -0.008160 
464 51.177366 0.000000 4.004604 100.407891 -0.078405 -0.995137 -0.008274 
465 50.327097 0.000000 4.004604 100.422098 -0.084056 -0.887646 -0.008539 
466 51.177366 0.000000 3.206139 100.330102 -0.080428 -0.722774 -0.006666 
467 51.177366 0.000000 4.803069 100.490818 0.000000 -1.362376 -0.010026 
468 51.177366 0.000000 2.407673 100.278496 -0.082255 -0.587437 -0.005613 
469 50.327097 0.000000 2.407673 100.330959 -0.092615 -0.655291 -0.006674 
470 51.177366 0.000000 1.609208 100.221982 -0.088585 -0.452570 -0.004466 
471 51.602500 0.000000 3.605371 100.377615 -0.058956 -1.020586 -0.007671 
472 51.177366 0.000000 3.605371 100.377665 -0.083244 -0.879480 -0.007646 
473 51.602500 0.000000 3.206139 100.361570 -0.058284 -0.842234 -0.007316 
474 52.027634 0.000000 3.605371 100.373752 -0.049063 -1.051184 -0.007600 
475 51.602500 0.000000 4.004604 100.431443 -0.052310 -1.208009 -0.008794 
476 59.680053 0.000000 2.407673 100.224532 -0.003961 -1.029205 -0.004602 
477 58.829784 0.000000 2.407673 100.163191 -0.010932 -0.817848 -0.003333 
478 59.680053 0.000000 1.609208 100.223433 -0.013245 -0.689277 -0.004521 
479 60.530321 0.000000 2.407673 100.276877 -0.004721 -1.026656 -0.005651 
480 59.254918 0.000000 3.605371 100.126951 -0.000000 -1.277058 -0.002704 
481 58.829784 0.000000 3.605371 100.132064 0.000000 -1.201451 -0.002787 
482 59.254918 0.000000 3.206139 100.213335 -0.000000 -1.193479 -0.004414 
483 59.680053 0.000000 3.605371 100.116100 0.000000 -1.347812 -0.002505 
484 59.254918 0.000000 4.004604 99.965546 -0.000000 -1.360048 0.000504 
485 57.979515 0.000000 2.407673 100.147937 -0.007216 -0.941251 -0.003050 
486 57.979515 0.000000 1.609208 100.137501 -0.012187 -0.710177 -0.002802 
487 58.404650 0.000000 3.605371 100.105175 -0.000000 -1.191754 -0.002247 
488 57.979515 0.000000 3.605371 100.143437 -0.000000 -1.156456 -0.003005 
489 58.404650 0.000000 3.206139 100.181297 -0.001442 -1.106194 -0.003752 
490 58.404650 0.000000 4.004604 100.003592 -0.000000 -1.165123 -0.000208 
491 57.554381 0.000000 3.605371 100.186228 -0.000000 -1.128793 -0.003855 
492 57.129246 0.000000 3.605371 100.237237 -0.000000 -1.107041 -0.004873 
493 57.554381 0.000000 3.206139 100.180071 -0.002437 -1.048520 -0.003715 
494 56.704112 0.000000 3.605371 100.292830 0.000000 -1.118960 -0.005990 
495 56.704112 0.000000 3.206139 100.239456 -0.002866 -0.965828 -0.004888 
496 56.704112 0.000000 4.004604 100.345482 -0.000000 -1.052402 -0.007032 
497 56.704112 0.000000 4.403837 100.391979 0.000000 -0.857655 -0.007929 
498 56.278978 0.000000 4.403837 100.461826 0.000000 -0.850921 -0.009330 
499 56.491545 0.000000 3.804988 100.387162 -0.000000 -1.088693 -0.007877 
500 56.278978 0.000000 3.804988 100.442205 -0.000080 -1.046398 -0.008973 
501 56.491545 0.000000 3.605371 100.330388 -0.000622 -1.044176 -0.006728 
502 56.704112 0.000000 3.804988 100.326092 0.000000 -1.075289 -0.006648 
503 56.491545 0.000000 4.004604 100.421996 0.000000 -1.027925 -0.008563 
504 56.704112 0.000000 2.806906 100.200371 -0.008836 -0.761598 -0.004069 
505 56.278978 0.000000 2.806906 100.230446 -0.005018 -1.030906 -0.004721 
506 56.704112 0.000000 2.407673 100.176049 -0.014863 -0.627932 -0.003564 
507 57.129246 0.000000 2.806906 100.183208 -0.007922 -0.806591 -0.003733 
508 56.491545 0.000000 3.405755 100.260502 -0.002951 -0.976295 -0.005312 
509 56.278978 0.000000 3.405755 100.281804 -0.003858 -0.921001 -0.005729 
510 56.491545 0.000000 3.206139 100.245566 -0.004032 -0.932131 -0.005004 
511 56.704112 0.000000 3.405755 100.254530 -0.001847 -1.012958 -0.005200 
512 56.916679 0.000000 3.804988 100.287593 -0.000000 -1.089450 -0.005879 
513 56.916679 0.000000 3.605371 100.261443 -0.000000 -1.108482 -0.005359 
514 57.129246 0.000000 3.804988 100.243036 -0.000000 -1.088600 -0.004985 
515 56.916679 0.000000 4.004604 100.288572 -0.000000 -1.050036 -0.005890 
516 56.597829 0.000000 3.705180 100.349614 -0.000000 -1.103294 -0.007126 
517 56.491545 0.000000 3.705180 100.371718 -0.000144 -1.071942 -0.007563 
518 56.597829 0.000000 3.605371 100.307650 -0.000265 -1.085365 -0.006280 
519 56.704112 0.000000 3.705180 100.309370 0.000000 -1.094990 -0.006317 
520 56.597829 0.000000 3.804988 100.349596 -0.000000 -1.091610 -0.007123 
521 55.853843 0.000000 4.403837 100.436600 0.000000 -1.156241 -0.008885 
522 55.428709 0.000000 4.403837 100.439607 0.000000 -1.195848 -0.008954 
523 55.853843 0.000000 4.803069 100.411518 -0.143691 -0.738907 -0.008304 
524 56.066411 0.000000 3.804988 100.480644 -0.000288 -1.045364 -0.009745 
525 55.853843 0.000000 3.804988 100.404713 -0.001574 -0.920800 -0.008195 
526 56.066411 0.000000 3.605371 100.381185 -0.001756 -0.936758 -0.007726 
527 56.066411 0.000000 4.004604 100.475605 0.000000 -0.902500 -0.009616 
528 54.578440 0.000000 2.407673 100.256540 -0.012359 -0.833495 -0.005207 
529 54.578440 0.000000 1.609208 100.183230 -0.015826 -0.600064 -0.003704 
530 55.853843 0.000000 2.806906 100.239565 -0.012841 -0.740700 -0.004852 
531 55.428709 0.000000 2.806906 100.254066 -0.012475 -0.782872 -0.005149 
532 55.853843 0.000000 2.407673 100.200803 -0.015119 -0.646687 -0.004062 
533 56.066411 0.000000 3.405755 100.290155 -0.004920 -0.900223 -0.005893 
534 55.853843 0.000000 3.405755 100.298125 -0.005907 -0.882385 -0.006049 
535 56.066411 0.000000 3.206139 100.270131 -0.006247 -0.853002 -0.005483 
536 56.172694 0.000000 3.705180 100.425590 -0.000627 -1.004521 -0.008631 
537 56.066411 0.000000 3.705180 100.433634 -0.001038 -0.990021 -0.008789 
538 56.172694 0.000000 3.605371 100.388053 -0.001594 -0.950957 -0.007867 
539 56.278978 0.000000 3.705180 100.421338 -0.000555 -1.019332 -0.008548 
540 56.172694 0.000000 3.804988 100.458436 -0.000194 -1.036030 -0.009297 
541 106.444831 0.000000 -6.375445 100.001377 0.377824 -1.056540 -0.000153 
542 106.444831 0.000000 -19.150890 99.993700 0.485993 -0.830636 0.000033 
543 120.049130 0.000000 -6.375445 100.000109 0.376004 -1.050391 -0.000127 
544 106.444831 0.000000 6.400000 100.014742 -1.444082 -1.769367 -0.000816 
545 86.038382 0.000000 0.012278 100.013876 -0.132703 -0.913530 -0.000363 
546 86.038382 0.000000 -6.375445 100.012729 0.388515 -1.070169 -0.000384 
547 92.840531 0.000000 0.012278 100.005850 -0.142997 -0.910970 -0.000202 
548 86.038382 0.000000 6.400000 100.008630 -1.217700 -0.865374 -0.000396 
549 75.835158 0.000000 3.206139 100.068392 -0.768142 -0.551203 -0.001458 
550 75.835158 0.000000 0.012278 100.142489 -0.118429 -0.865967 -0.002928 
551 79.236232 0.000000 3.206139 100.034771 -0.774735 -0.575909 -0.000789 
552 75.835158 0.000000 6.400000 99.950604 -1.047078 -0.608232 0.000841 
553 69.033008 0.000000 9.593861 99.196558 -0.134775 -0.649752 0.015960 
554 72.434083 0.000000 9.593861 99.594725 -0.107445 -0.524838 0.008060 
555 69.033008 0.000000 12.787722 99.541116 -0.000000 -1.043072 0.009048 
556 70.733546 0.000000 4.803069 100.065173 -0.342510 -0.009136 -0.001316 
557 69.033008 0.000000 4.803069 100.075447 -0.402264 -0.007419 -0.001526 
558 70.733546 0.000000 3.206139 100.380049 -0.229396 -0.120068 -0.007622 
559 72.434083 0.000000 4.803069 100.060120 -0.316304 -0.009945 -0.001213 
560 70.733546 0.000000 6.400000 100.063647 -0.333899 -0.009391 -0.001285 
561 -288.079842 0.000000 -300.210676 99.998826 0.002542 0.000561 0.000023 
562 -396.914234 0.000000 -300.210676 99.999434 0.001584 0.000388 0.000011 
563 -288.079842 0.000000 -402.414234 99.998721 0.003120 0.000391 0.000026 
564 364.926512 0.000000 -300.210676 99.998788 0.059035 -0.015132 0.000024 
565 364.926512 0.000000 -402.414234 99.998685 0.042462 -0.008568 0.000026 
566 473.760905 0.000000 -300.210676 99.999419 0.060883 -0.014959 0.000011 
567 -124.828253 0.000000 -146.905338 99.995434 0.003999 0.002252 0.000091 
568 -179.245449 0.000000 -146.905338 99.997817 0.002696 0.001565 0.000044 
569 -124.828253 0.000000 -198.007117 99.994984 0.005859 0.001604 0.000100 
570 201.674924 0.000000 -146.905338 99.993674 0.114073 -0.061773 0.000125 
571 201.674924 0.000000 -198.007117 99.994731 0.080873 -0.034412 0.000105 
572 256.092120 0.000000 -146.905338 99.997710 0.119593 -0.059296 0.000044 
573 -43.202459 0.000000 -70.252669 99.982648 0.011397 0.009835 0.000347 
574 -70.411057 0.000000 -70.252669 99.991505 0.004822 0.006867 0.000170 
575 -43.202459 0.000000 -95.803559 99.980153 0.010674 0.007324 0.000397 
576 120.049130 0.000000 -70.252669 99.983618 0.230806 -0.216991 0.000318 
577 120.049130 0.000000 -95.803559 99.979159 0.173757 -0.132671 0.000412 
578 147.257728 0.000000 -70.252669 99.991212 0.234907 -0.215687 0.000166 
579 -2.389562 0.000000 -31.926334 99.940690 0.033420 0.039003 0.001186 
580 -15.993861 0.000000 -31.926334 99.971852 0.016551 0.025367 0.000563 
581 -2.389562 0.000000 -44.701779 99.930107 0.037536 0.029584 0.001397 
582 4.412588 0.000000 -12.763167 99.953251 0.010684 0.068910 0.000934 
583 -2.389562 0.000000 -12.763167 99.972774 0.009987 0.050129 0.000544 
584 4.412588 0.000000 -19.150890 99.934736 0.023890 0.063112 0.001304 
585 79.236232 0.000000 -31.926334 99.972672 0.410553 -0.613260 0.000492 
586 79.236232 0.000000 -44.701779 99.942747 0.331651 -0.427624 0.001115 
587 92.840531 0.000000 -31.926334 99.981816 0.403914 -0.590140 0.000313 
588 31.621186 0.000000 -12.763167 98.167424 0.523852 0.064044 0.036288 
589 31.621186 0.000000 -19.150890 98.760529 0.398211 -0.009179 0.024620 
590 4.412588 0.000000 12.787722 100.056204 -0.015772 0.067639 -0.001125 
591 -2.389562 0.000000 12.787722 100.033169 -0.014140 0.049457 -0.000664 
592 4.412588 0.000000 19.175445 100.073947 -0.028642 0.061342 -0.001480 
593 31.621186 0.000000 12.787722 101.664916 -0.585282 0.005316 -0.033610 
594 31.621186 0.000000 19.175445 101.195743 -0.434882 -0.050177 -0.024077 
595 21.417961 0.000000 3.206139 100.055609 -0.021275 0.830865 -0.001182 
596 24.819036 0.000000 3.206139 100.575968 -0.197694 1.289765 -0.011723 
597 21.417961 0.000000 6.400000 100.195757 0.000548 0.155893 -0.003921 
598 41.824410 0.000000 3.206139 101.729041 0.142783 -1.285375 -0.035047 
599 38.423335 0.000000 3.206139 103.395939 0.034771 -1.274464 -0.069235 
600 41.824410 0.000000 6.400000 102.569179 0.000000 -1.662555 -0.052320 
601 106.444831 0.000000 -31.926334 99.987707 0.402499 -0.581946 0.000196 
602 106.444831 0.000000 -44.701779 99.982379 0.330178 -0.408342 0.000325 
603 120.049130 0.000000 -31.926334 99.991892 0.402750 -0.577618 0.000113 
604 72.434083 0.000000 -12.763167 100.125543 0.552226 -1.071348 -0.002658 
605 72.434083 0.000000 -19.150890 100.035787 0.519777 -0.926373 -0.000829 
606 79.236232 0.000000 -12.763167 100.048872 0.517364 -0.995268 -0.001103 
607 86.038382 0.000000 -12.763167 100.008712 0.508224 -0.979098 -0.000296 
608 86.038382 0.000000 -19.150890 99.999524 0.490024 -0.846961 -0.000086 
609 92.840531 0.000000 -12.763167 99.997661 0.506022 -0.976071 -0.000074 
610 41.824410 0.000000 9.593861 102.275453 -1.201733 -1.572129 -0.046418 
611 38.423335 0.000000 9.593861 102.740149 -1.311287 -1.129824 -0.055853 
612 41.824410 0.000000 12.787722 101.989047 -0.957352 -1.268302 -0.040429 
613 106.444831 0.000000 19.175445 100.010720 -1.347520 -0.525714 -0.000424 
614 120.049130 0.000000 19.175445 100.008061 -1.338552 -0.522746 -0.000368 
615 106.444831 0.000000 31.950890 100.015939 -0.445560 -0.557554 -0.000370 
616 86.038382 0.000000 12.787722 100.006672 -0.446641 -0.639101 -0.000194 
617 92.840531 0.000000 12.787722 100.015528 -0.401837 -0.642096 -0.000368 
618 86.038382 0.000000 19.175445 100.001567 -1.493769 -0.587681 -0.000289 
619 69.033008 0.000000 -3.181584 100.569738 -0.000000 -0.811917 -0.011493 
620 69.033008 0.000000 -6.375445 100.346460 0.548062 -1.233687 -0.007123 
621 72.434083 0.000000 -3.181584 100.312033 0.281605 -1.052770 -0.006369 
622 75.835158 0.000000 -3.181584 100.163197 0.196149 -1.035044 -0.003378 
623 75.835158 0.000000 -6.375445 100.145012 0.413500 -1.089432 -0.003038 
624 79.236232 0.000000 -3.181584 100.070976 0.183647 -1.040721 -0.001532 
625 75.835158 0.000000 9.593861 99.872893 -0.083878 -0.568503 0.002507 
626 79.236232 0.000000 9.593861 99.968347 -0.072392 -0.606587 0.000596 
627 75.835158 0.000000 12.787722 99.849546 -0.546528 -0.631483 0.002937 
628 67.332471 0.000000 4.803069 100.321016 -0.394925 -0.045495 -0.006446 
629 67.332471 0.000000 3.206139 100.888006 -0.195622 -0.150859 -0.017845 
630 67.332471 0.000000 6.400000 99.979497 -0.440186 -0.099044 0.000390 
631 63.931396 0.000000 7.996931 98.985836 -0.000000 -1.230111 0.020029 
632 65.631933 0.000000 7.996931 99.009835 -0.000000 -1.196990 0.019562 
633 63.931396 0.000000 9.593861 99.316050 0.000000 -1.330107 0.013455 
634 63.081127 0.000000 5.601535 98.681549 -0.139226 -0.743356 0.026138 
635 63.931396 0.000000 5.601535 98.714481 -0.147092 -0.457246 0.025522 
636 63.081127 0.000000 6.400000 98.983911 -0.140125 -0.956416 0.020125 
637 61.380590 0.000000 2.407673 100.471573 -0.041012 -0.950786 -0.009544 
638 61.380590 0.000000 1.609208 100.521539 -0.012996 -0.681514 -0.010504 
639 62.230859 0.000000 2.407673 100.682276 -0.093448 -0.694171 -0.013741 
640 60.105187 0.000000 3.605371 100.187639 -0.000000 -1.360244 -0.003941 
641 60.105187 0.000000 3.206139 100.206187 -0.000000 -1.301162 -0.004297 
642 60.530321 0.000000 3.605371 100.176435 -0.035833 -1.346359 -0.003713 
643 59.254918 0.000000 4.403837 99.829548 -0.000000 -1.276588 0.003243 
644 58.829784 0.000000 4.403837 99.839929 0.000000 -1.121630 0.003073 
645 61.380590 0.000000 7.198465 99.748467 0.000000 -1.511337 0.004796 
646 62.230859 0.000000 7.198465 99.312522 -0.078053 -1.211847 0.013555 
647 61.380590 0.000000 7.996931 99.798807 0.000000 -1.567093 0.003774 
648 59.254918 0.000000 6.000767 100.472091 -0.000000 -1.142696 -0.009595 
649 58.829784 0.000000 6.000767 100.529734 -0.000000 -0.923179 -0.010708 
650 59.254918 0.000000 6.400000 100.466332 -0.000000 -1.179744 -0.009488 
651 60.955456 0.000000 5.202302 100.012233 -0.092830 -1.182666 -0.000385 
652 61.380590 0.000000 5.202302 99.727178 -0.115955 -1.205882 0.005302 
653 60.955456 0.000000 5.601535 100.069569 -0.085417 -1.184799 -0.001533 
654 60.955456 0.000000 6.000767 99.953724 -0.072578 -1.188246 0.000784 
655 61.380590 0.000000 6.000767 99.724698 -0.117449 -1.108537 0.005374 
656 60.955456 0.000000 6.400000 100.079957 -0.030526 -1.335579 -0.001778 
657 58.404650 0.000000 5.202302 100.153696 -0.707040 -0.305234 -0.003136 
658 58.404650 0.000000 4.803069 99.944237 -0.265176 -0.623419 0.001069 
659 58.404650 0.000000 5.601535 100.319163 -0.919733 -0.451809 -0.006498 
660 58.404650 0.000000 6.000767 100.442886 -0.000000 -1.036269 -0.008985 
661 58.404650 0.000000 6.400000 100.386851 0.000000 -1.093072 -0.007871 
662 60.955456 0.000000 3.605371 100.137771 -0.054991 -1.332954 -0.002935 
663 60.955456 0.000000 3.206139 100.215172 -0.035169 -1.340332 -0.004488 
664 61.380590 0.000000 3.605371 100.189133 -0.071035 -1.268111 -0.003948 
665 54.578440 0.000000 5.601535 100.524334 0.000000 -1.466167 -0.010729 
666 53.728172 0.000000 5.601535 100.470136 0.000000 -1.528632 -0.009658 
667 54.578440 0.000000 6.400000 100.416463 0.000000 -1.535419 -0.008582 
668 52.877903 0.000000 5.601535 100.482073 0.000000 -1.527147 -0.009898 
669 52.027634 0.000000 5.601535 100.500671 0.000000 -1.469091 -0.010254 
670 52.877903 0.000000 6.400000 100.486183 0.000000 -1.499102 -0.009972 
671 55.853843 0.000000 5.202302 100.536307 -0.177132 -0.441356 -0.010778 
672 55.428709 0.000000 5.202302 100.381946 -0.128629 -0.359765 -0.007668 
673 55.853843 0.000000 5.601535 100.434714 -0.176265 -0.663125 -0.008760 
674 55.853843 0.000000 6.000767 100.518846 0.000000 -1.400788 -0.010600 
675 55.428709 0.000000 6.000767 100.492355 0.000000 -1.450695 -0.010082 
676 55.853843 0.000000 6.400000 100.502150 0.000000 -1.462374 -0.010282 
677 58.404650 0.000000 4.403837 99.901733 -0.000000 -0.992848 0.001866 
678 56.916679 0.000000 5.002686 100.326498 -0.081388 -0.433860 -0.006560 
679 56.704112 0.000000 5.002686 100.371275 -0.112580 -0.440871 -0.007460 
680 56.916679 0.000000 4.803069 100.323068 -0.046757 -0.591911 -0.006507 
681 50.327097 0.000000 7.996931 100.627581 0.000000 -1.424587 -0.012794 
682 48.626560 0.000000 7.996931 100.702356 0.000000 -1.289795 -0.014263 
683 50.327097 0.000000 9.593861 100.807143 -0.905263 -1.688162 -0.016575 
684 54.578440 0.000000 7.198465 100.410882 0.000000 -1.521400 -0.008466 
685 53.728172 0.000000 7.198465 100.432109 0.000000 -1.533367 -0.008896 
686 54.578440 0.000000 7.996931 100.360354 0.000000 -1.544821 -0.007459 
687 51.177366 0.000000 5.601535 100.508542 0.000000 -1.433049 -0.010402 
688 50.327097 0.000000 5.601535 100.556588 0.000000 -1.384312 -0.011354 
689 51.177366 0.000000 6.400000 100.523524 0.000000 -1.426625 -0.010701 
690 52.452769 0.000000 3.605371 100.370595 -0.035686 -1.131606 -0.007554 
691 52.452769 0.000000 3.206139 100.310492 -0.055860 -0.780679 -0.006281 
692 52.452769 0.000000 4.004604 100.417519 -0.001335 -1.344264 -0.008549 
693 57.554381 0.000000 2.806906 100.167427 -0.006386 -0.948050 -0.003441 
694 57.554381 0.000000 2.407673 100.152247 -0.010787 -0.794196 -0.003110 
695 57.979515 0.000000 2.806906 100.142374 -0.003750 -1.065870 -0.002963 
696 56.916679 0.000000 3.405755 100.252540 -0.000040 -1.110551 -0.005181 
697 56.916679 0.000000 3.206139 100.223975 -0.002340 -0.953261 -0.004575 
698 57.129246 0.000000 3.405755 100.239091 -0.000000 -1.132720 -0.004916 
699 56.385261 0.000000 3.705180 100.391619 -0.000378 -1.064074 -0.007961 
700 56.385261 0.000000 3.605371 100.345522 -0.001180 -1.024806 -0.007027 
701 56.385261 0.000000 3.804988 100.424800 0.000000 -1.063066 -0.008627 
702 67.332471 0.000000 7.996931 98.889793 -0.000000 -1.127574 0.021954 
703 69.033008 0.000000 7.996931 99.088516 -0.085151 -0.476354 0.018123 
704 67.332471 0.000000 9.593861 99.209421 -0.000000 -1.146882 0.015618 
705 70.733546 0.000000 7.996931 99.340444 -0.068036 -0.413463 0.013130 
706 72.434083 0.000000 7.996931 99.612113 -0.051096 -0.421347 0.007725 
707 70.733546 0.000000 9.593861 99.384763 -0.121903 -0.555641 0.012235 
708 67.332471 0.000000 1.609208 101.162161 -0.041769 -0.180925 -0.023382 
709 67.332471 0.000000 0.012278 100.996877 -0.025058 -0.177004 -0.020040 
710 69.033008 0.000000 1.609208 100.931494 -0.038909 -0.169821 -0.018720 
711 70.733546 0.000000 1.609208 100.745672 -0.049746 -0.159679 -0.014972 
712 70.733546 0.000000 0.012278 100.644295 -0.027725 -0.198644 -0.012931 
713 72.434083 0.000000 1.609208 100.571091 -0.061863 -0.141987 -0.011457 
714 63.081127 0.000000 2.407673 100.974811 -0.109360 -0.517563 -0.019619 
715 63.081127 0.000000 1.609208 100.921634 -0.076832 -0.390376 -0.018533 
716 63.931396 0.000000 2.407673 101.577380 -0.067573 -0.465180 -0.031819 
717 52.877903 0.000000 7.198465 100.421698 0.000000 -1.578102 -0.008701 
718 52.027634 0.000000 7.198465 100.495549 0.000000 -1.543523 -0.010174 
719 52.877903 0.000000 7.996931 100.401465 0.000000 -1.609183 -0.008304 
720 58.404650 0.000000 2.806906 100.173061 -0.005205 -0.997829 -0.003564 
721 58.404650 0.000000 2.407673 100.157165 -0.010584 -0.872484 -0.003222 
722 58.829784 0.000000 2.806906 100.166783 -0.006862 -0.917786 -0.003423 
723 63.081127 0.000000 7.198465 99.072198 -0.116864 -1.057310 0.018357 
724 63.931396 0.000000 7.198465 99.128927 -0.170461 -0.822153 0.017275 
725 63.081127 0.000000 7.996931 99.190232 -0.000000 -1.401743 0.015933 
726 51.177366 0.000000 7.198465 100.562046 0.000000 -1.465003 -0.011487 
727 50.327097 0.000000 7.198465 100.611069 0.000000 -1.342142 -0.012439 
728 51.177366 0.000000 7.996931 100.559928 0.000000 -1.540603 -0.011467 
729 59.254918 0.000000 2.806906 100.191513 -0.005390 -0.946040 -0.003923 
730 59.254918 0.000000 2.407673 100.184710 -0.009415 -0.831737 -0.003767 
731 59.680053 0.000000 2.806906 100.216553 -0.000736 -1.223609 -0.004485 
1 19 21 9 22 
2 20 19 22 4 
3 28 29 3 30 
4 21 28 30 9 
5 35 37 21 38 
6 36 35 38 19 
7 44 45 28 46 
8 37 44 46 21 
9 51 53 37 54 
10 52 51 54 35 
11 11 62 60 61 
12 62 10 24 60 
13 60 24 14 63 
14 61 60 63 6 
15 24 66 64 65 
16 66 23 40 64 
17 64 40 27 67 
18 65 64 67 14 
19 40 70 68 69 
20 70 39 56 68 
21 68 56 43 71 
22 69 68 71 27 
23 72 73 44 74 
24 53 72 74 37 
25 75 77 53 78 
26 76 75 78 51 
27 56 81 79 80 
28 80 79 83 43 
29 6 63 92 93 
30 63 14 36 92 
31 92 36 19 94 
32 93 92 94 20 
33 14 67 95 96 
34 67 27 52 95 
35 95 52 35 97 
36 96 95 97 36 
37 27 71 98 99 
38 71 43 76 98 
39 98 76 51 100 
40 99 98 100 52 
41 43 83 101 102 
42 101 103 75 104 
43 102 101 104 76 
44 79 107 105 106 
45 107 82 108 105 
46 105 108 59 109 
47 106 105 109 83 
48 110 111 72 112 
49 77 110 112 53 
50 113 114 77 115 
51 103 113 115 75 
52 12 122 120 121 
53 122 7 123 120 
54 120 123 13 25 
55 121 120 25 10 
56 25 126 124 125 
57 126 13 127 124 
58 124 127 26 41 
59 125 124 41 23 
60 41 130 128 129 
61 130 26 131 128 
62 128 131 42 57 
63 129 128 57 39 
64 57 134 132 133 
65 134 42 135 132 
66 132 135 58 89 
67 133 132 89 55 
68 55 138 136 137 
69 138 89 139 136 
70 136 139 88 117 
71 137 136 117 82 
72 82 142 140 141 
73 142 117 143 140 
74 140 143 116 144 
75 141 140 144 108 
76 59 119 145 146 
77 119 91 147 145 
78 145 147 113 148 
79 146 145 148 103 
80 108 144 149 150 
81 144 116 151 149 
82 149 151 119 152 
83 150 149 152 59 
84 88 158 157 118 
85 158 90 159 157 
86 157 159 5 160 
87 118 157 160 91 
88 161 162 110 163 
89 114 161 163 77 
90 7 169 168 123 
91 169 16 170 168 
92 168 170 15 32 
93 123 168 32 13 
94 13 172 171 127 
95 172 32 173 171 
96 171 173 31 48 
97 127 171 48 26 
98 26 175 174 131 
99 175 48 176 174 
100 174 176 47 85 
101 131 174 85 42 
102 42 178 177 135 
103 178 85 179 177 
104 177 179 84 154 
105 135 177 154 58 
106 58 182 180 181 
107 182 154 183 180 
108 180 183 153 165 
109 181 180 165 90 
110 15 185 184 33 
111 185 17 186 184 
112 184 186 8 187 
113 33 184 187 18 
114 31 189 188 49 
115 189 33 190 188 
116 188 190 18 191 
117 49 188 191 34 
118 193 49 194 192 
119 192 194 34 195 
120 165 206 204 205 
121 206 153 207 204 
122 204 207 166 208 
123 205 204 208 164 
124 209 211 161 212 
125 210 209 212 114 
126 164 208 213 214 
127 214 213 216 167 
128 90 219 217 218 
129 219 165 205 217 
130 217 205 164 220 
131 218 217 220 159 
132 117 222 221 143 
133 222 88 223 221 
134 221 223 118 224 
135 143 221 224 116 
136 18 187 225 45 
137 187 8 226 225 
138 225 226 29 227 
139 45 225 227 28 
140 34 191 228 73 
141 191 18 229 228 
142 228 229 45 230 
143 73 228 230 44 
144 195 34 232 231 
145 231 232 73 233 
146 111 231 233 72 
147 234 235 111 236 
148 162 234 236 110 
149 241 242 162 243 
150 211 241 243 161 
151 249 250 234 251 
152 242 249 251 162 
153 256 258 242 259 
154 257 256 259 241 
155 262 247 263 260 
156 260 263 87 264 
157 154 273 272 183 
158 273 84 274 272 
159 272 274 155 201 
160 183 272 201 153 
161 201 277 275 276 
162 277 155 278 275 
163 275 278 202 246 
164 276 275 246 200 
165 246 281 279 280 
166 281 202 282 279 
167 279 282 247 262 
168 244 285 283 284 
169 285 262 286 283 
170 283 286 260 287 
171 284 283 287 261 
172 288 257 241 290 
173 289 288 290 211 
174 200 297 295 296 
175 297 246 280 295 
176 303 305 256 306 
177 304 303 306 257 
178 312 261 313 311 
179 311 313 248 314 
180 302 317 315 316 
181 317 268 318 315 
182 315 318 309 319 
183 320 304 257 322 
184 321 320 322 288 
185 269 329 327 328 
186 329 302 316 327 
187 327 316 307 330 
188 328 327 330 308 
189 203 310 331 332 
190 310 271 333 331 
191 331 333 303 334 
192 332 331 334 304 
193 307 319 335 336 
194 319 309 337 335 
195 335 337 271 338 
196 336 335 338 310 
197 316 341 339 340 
198 341 315 342 339 
199 339 342 319 343 
200 340 339 343 307 
201 345 244 284 344 
202 344 284 261 312 
203 298 348 346 347 
204 348 301 349 346 
205 347 346 317 302 
206 301 351 350 349 
207 351 344 352 350 
208 350 352 312 353 
209 349 350 353 268 
210 346 356 354 355 
211 356 349 357 354 
212 354 357 268 358 
213 355 354 358 317 
214 153 368 367 207 
215 368 201 276 367 
216 367 276 200 266 
217 207 367 266 166 
218 266 371 369 370 
219 371 200 296 369 
220 377 325 378 375 
221 375 378 323 379 
222 365 385 383 384 
223 384 383 386 363 
224 294 326 387 388 
225 326 203 332 387 
226 387 332 304 389 
227 388 387 389 320 
228 324 379 390 391 
229 379 323 392 390 
230 390 392 326 393 
231 391 390 393 294 
232 396 375 397 394 
233 394 397 379 398 
234 395 394 398 324 
235 167 216 399 400 
236 399 289 211 401 
237 400 399 401 209 
238 402 321 288 404 
239 403 402 404 289 
240 267 366 405 406 
241 366 294 388 405 
242 405 388 320 407 
243 406 405 407 321 
244 363 386 408 409 
245 386 324 391 408 
246 408 391 294 410 
247 409 408 410 366 
248 383 413 411 412 
249 413 376 395 411 
250 411 395 324 414 
251 412 411 414 386 
252 373 417 415 416 
253 417 372 418 415 
254 415 418 325 377 
255 416 415 377 291 
256 291 421 419 420 
257 421 377 422 419 
258 419 422 375 396 
259 420 419 396 376 
260 376 425 423 424 
261 425 396 426 423 
262 423 426 394 427 
263 424 423 427 395 
264 166 430 428 429 
265 430 266 370 428 
266 361 433 431 432 
267 433 265 381 431 
268 431 381 292 434 
269 432 431 434 359 
270 370 437 435 436 
271 437 369 438 435 
272 265 441 439 440 
273 440 439 443 381 
274 213 446 444 445 
275 445 444 447 216 
276 448 432 359 451 
277 449 448 451 360 
278 208 454 452 453 
279 454 166 429 452 
280 453 452 446 213 
281 429 457 455 456 
282 457 428 458 455 
283 455 458 361 450 
284 456 455 450 215 
285 450 461 459 460 
286 461 361 462 459 
287 459 462 432 463 
288 460 459 463 448 
289 446 466 464 465 
290 464 449 360 467 
291 465 464 467 444 
292 452 470 468 469 
293 470 429 456 468 
294 468 456 215 466 
295 469 468 466 446 
296 466 473 471 472 
297 473 215 474 471 
298 471 474 449 475 
299 472 471 475 464 
300 296 478 476 477 
301 478 295 479 476 
302 476 479 270 300 
303 245 482 480 481 
304 482 300 483 480 
305 480 483 298 484 
306 481 480 484 299 
307 369 486 485 438 
308 486 296 477 485 
309 374 489 487 488 
310 489 245 481 487 
311 487 481 299 490 
312 488 487 490 372 
313 293 493 491 492 
314 493 374 488 491 
315 491 488 372 417 
316 492 491 417 373 
317 380 496 497 498 
318 496 373 416 497 
319 497 416 291 385 
320 498 497 385 365 
321 499 502 496 503 
322 500 499 503 380 
323 435 506 504 505 
324 506 438 507 504 
325 504 507 293 495 
326 505 504 495 382 
327 382 510 508 509 
328 510 495 511 508 
329 508 511 494 501 
330 509 508 501 442 
331 494 513 512 502 
332 513 492 514 512 
333 512 514 373 515 
334 502 512 515 496 
335 501 518 516 517 
336 518 494 519 516 
337 516 519 502 520 
338 517 516 520 499 
339 381 443 521 522 
340 443 380 498 521 
341 521 498 365 523 
342 522 521 523 292 
343 439 526 524 525 
344 524 500 380 527 
345 525 524 527 443 
346 428 529 528 458 
347 529 370 436 528 
348 528 436 265 433 
349 458 528 433 361 
350 436 532 530 531 
351 532 435 505 530 
352 530 505 382 441 
353 531 530 441 265 
354 441 535 533 534 
355 535 382 509 533 
356 533 509 442 526 
357 534 533 526 439 
358 526 538 536 537 
359 538 442 539 536 
360 536 539 500 540 
361 537 536 540 524 
362 86 542 541 198 
363 542 192 543 541 
364 541 543 195 544 
365 198 541 544 50 
366 196 546 545 239 
367 546 198 547 545 
368 545 547 50 548 
369 239 545 548 199 
370 237 550 549 254 
371 550 239 551 549 
372 549 551 199 552 
373 254 549 552 240 
374 553 554 249 555 
375 258 553 555 242 
376 252 558 556 557 
377 558 254 559 556 
378 556 559 240 560 
379 557 556 560 255 
380 1 563 561 562 
381 563 12 121 561 
382 561 121 10 62 
383 562 561 62 11 
384 16 565 564 170 
385 565 2 566 564 
386 564 566 17 185 
387 170 564 185 15 
388 10 569 567 568 
389 569 25 125 567 
390 567 125 23 66 
391 568 567 66 24 
392 32 571 570 173 
393 571 15 572 570 
394 570 572 33 189 
395 173 570 189 31 
396 23 575 573 574 
397 575 41 129 573 
398 573 129 39 70 
399 574 573 70 40 
400 48 577 576 176 
401 577 31 578 576 
402 576 578 49 193 
403 176 576 193 47 
404 39 581 579 580 
405 581 57 133 579 
406 579 133 55 81 
407 580 579 81 56 
408 81 584 582 583 
409 584 55 137 582 
410 582 137 82 107 
411 583 582 107 79 
412 85 586 585 179 
413 586 47 587 585 
414 585 587 86 197 
415 179 585 197 84 
416 89 589 588 139 
417 589 58 181 588 
418 588 181 90 158 
419 139 588 158 88 
420 83 109 590 591 
421 109 59 146 590 
422 590 146 103 592 
423 591 590 592 101 
424 91 160 593 147 
425 160 5 210 593 
426 593 210 114 594 
427 147 593 594 113 
428 116 224 595 151 
429 224 118 596 595 
430 595 596 91 597 
431 151 595 597 119 
432 159 220 598 599 
433 220 164 214 598 
434 598 214 167 600 
435 599 598 600 5 
436 47 602 601 587 
437 602 193 603 601 
438 601 603 192 542 
439 587 601 542 86 
440 84 605 604 274 
441 605 197 606 604 
442 604 606 196 238 
443 274 604 238 155 
444 197 608 607 606 
445 608 86 609 607 
446 607 609 198 546 
447 606 607 546 196 
448 5 600 610 611 
449 600 167 400 610 
450 610 400 209 612 
451 611 610 612 210 
452 50 544 613 235 
453 544 195 614 613 
454 613 614 231 615 
455 235 613 615 111 
456 199 548 616 250 
457 548 50 617 616 
458 616 617 235 618 
459 250 616 618 234 
460 155 620 619 278 
461 620 238 621 619 
462 619 621 237 253 
463 278 619 253 202 
464 238 623 622 621 
465 623 196 624 622 
466 622 624 239 550 
467 621 622 550 237 
468 240 552 625 554 
469 552 199 626 625 
470 625 626 250 627 
471 554 625 627 249 
472 247 629 628 263 
473 629 252 557 628 
474 628 557 255 630 
475 263 628 630 87 
476 264 87 632 631 
477 631 632 258 633 
478 305 631 633 256 
479 261 287 634 313 
480 287 260 635 634 
481 634 635 264 636 
482 313 634 636 248 
483 295 638 637 479 
484 638 280 639 637 
485 637 639 244 345 
486 479 637 345 270 
487 300 641 640 483 
488 641 270 642 640 
489 640 642 301 348 
490 483 640 348 298 
491 299 484 643 644 
492 484 298 347 643 
493 643 347 302 329 
494 644 643 329 269 
495 271 314 645 333 
496 314 248 646 645 
497 645 646 305 647 
498 333 645 647 303 
499 308 330 648 649 
500 330 307 336 648 
501 648 336 310 650 
502 649 648 650 203 
503 268 353 651 318 
504 353 312 652 651 
505 651 652 311 653 
506 318 651 653 309 
507 309 653 654 337 
508 653 311 655 654 
509 654 655 314 656 
510 337 654 656 271 
511 325 658 657 378 
512 658 269 328 657 
513 657 328 308 659 
514 378 657 659 323 
515 323 659 660 392 
516 659 308 649 660 
517 660 649 203 661 
518 392 660 661 326 
519 270 663 662 642 
520 663 345 664 662 
521 662 664 344 351 
522 642 662 351 301 
523 359 434 665 666 
524 434 292 364 665 
525 665 364 267 667 
526 666 665 667 362 
527 360 451 668 669 
528 451 359 666 668 
529 668 666 362 670 
530 669 668 670 156 
531 292 523 671 672 
532 523 365 384 671 
533 671 384 363 673 
534 672 671 673 364 
535 364 673 674 675 
536 673 363 409 674 
537 674 409 366 676 
538 675 674 676 267 
539 372 490 677 418 
540 490 299 644 677 
541 677 644 269 658 
542 418 677 658 325 
543 385 680 678 679 
544 680 291 420 678 
545 678 420 376 413 
546 679 678 413 383 
547 216 447 681 682 
548 681 403 289 683 
549 682 681 683 399 
550 362 667 684 685 
551 667 267 406 684 
552 684 406 321 686 
553 685 684 686 402 
554 444 467 687 688 
555 467 360 669 687 
556 687 669 156 689 
557 688 687 689 447 
558 215 691 690 474 
559 691 450 460 690 
560 690 460 448 692 
561 474 690 692 449 
562 438 694 693 507 
563 694 485 695 693 
564 693 695 374 493 
565 507 693 493 293 
566 495 697 696 511 
567 697 293 698 696 
568 696 698 492 513 
569 511 696 513 494 
570 442 700 699 539 
571 700 501 517 699 
572 699 517 499 701 
573 539 699 701 500 
574 87 630 702 632 
575 630 255 703 702 
576 702 703 553 704 
577 632 702 704 258 
578 255 560 705 703 
579 560 240 706 705 
580 705 706 554 707 
581 703 705 707 553 
582 202 709 708 282 
583 709 253 710 708 
584 708 710 252 629 
585 282 708 629 247 
586 253 712 711 710 
587 712 237 713 711 
588 711 713 254 558 
589 710 711 558 252 
590 280 715 714 639 
591 715 279 716 714 
592 714 716 262 285 
593 639 714 285 244 
594 156 670 717 718 
595 670 362 685 717 
596 717 685 402 719 
597 718 717 719 403 
598 485 721 720 695 
599 721 477 722 720 
600 720 722 245 489 
601 695 720 489 374 
602 248 636 723 646 
603 636 264 724 723 
604 723 724 631 725 
605 646 723 725 305 
606 447 689 726 727 
607 689 156 718 726 
608 726 718 403 728 
609 727 726 728 681 
610 477 730 729 722 
611 730 476 731 729 
612 729 731 300 482 
613 722 729 482 245 
