2 0.000000 100.000000 205.462523
681 568 
1 -396.914234 0.000000 -402.414234 99.937634 0.001701 3.490673 0.000028 
2 473.760905 0.000000 -402.414234 99.938098 0.039649 3.472666 0.000032 
3 473.760905 0.000000 415.214234 99.941243 -0.041748 3.471046 -0.000030 
4 -396.914234 0.000000 415.214234 99.940619 -0.001929 3.490643 -0.000031 
5 38.423335 0.000000 6.400000 105.492719 0.095148 -0.749539 -0.112928 
6 -396.914234 0.000000 6.400000 99.939156 -0.000130 3.491114 -0.000002 
7 38.423335 0.000000 -402.414234 99.921585 0.015842 3.481536 0.000356 
8 473.760905 0.000000 6.400000 100.040440 0.430561 0.592436 -0.000863 
9 38.423335 0.000000 415.214234 99.956183 -0.016363 3.481640 -0.000336 
10 -179.245449 0.000000 -198.007117 99.933427 0.002682 3.492895 0.000111 
11 -396.914234 0.000000 -198.007117 99.938201 0.000874 3.490984 0.000017 
12 -179.245449 0.000000 -402.414234 99.933211 0.004403 3.490752 0.000117 
13 38.423335 0.000000 -198.007117 99.858451 0.020249 3.456265 0.001634 
14 -179.245449 0.000000 6.400000 99.939567 -0.000312 3.495967 -0.000014 
15 256.092120 0.000000 -198.007117 99.935076 0.077950 3.420470 0.000127 
16 256.092120 0.000000 -402.414234 99.933371 0.034356 3.472094 0.000126 
17 473.760905 0.000000 -198.007117 99.940258 0.080830 3.426846 0.000019 
18 256.092120 0.000000 6.400000 100.053760 -0.083835 0.212543 -0.001081 
19 -179.245449 0.000000 210.807117 99.945189 -0.003201 3.492688 -0.000124 
20 -396.914234 0.000000 210.807117 99.940092 -0.001124 3.490962 -0.000021 
21 38.423335 0.000000 210.807117 100.013174 -0.022082 3.458202 -0.001459 
22 -179.245449 0.000000 415.214234 99.945066 -0.004794 3.490617 -0.000120 
23 -70.411057 0.000000 -95.803559 99.916314 0.003507 3.502927 0.000446 
24 -179.245449 0.000000 -95.803559 99.935710 0.001598 3.494106 0.000065 
25 -70.411057 0.000000 -198.007117 99.915822 0.005393 3.493408 0.000462 
26 38.423335 0.000000 -95.803559 99.640440 0.099561 3.362027 0.006047 
27 -70.411057 0.000000 6.400000 99.942021 -0.000565 3.509326 -0.000072 
28 256.092120 0.000000 210.807117 99.947754 -0.079444 3.417957 -0.000124 
29 473.760905 0.000000 210.807117 99.942667 -0.088511 3.414337 -0.000020 
30 256.092120 0.000000 415.214234 99.945747 -0.035063 3.471796 -0.000121 
31 147.257728 0.000000 -95.803559 99.922135 0.152583 3.218546 0.000518 
32 147.257728 0.000000 -198.007117 99.911178 0.060113 3.415415 0.000609 
33 256.092120 0.000000 -95.803559 99.943222 0.158788 3.243499 0.000081 
34 147.257728 0.000000 6.400000 100.051447 -0.494350 0.305965 -0.001063 
35 -70.411057 0.000000 108.603559 99.964457 -0.004778 3.501346 -0.000515 
36 -179.245449 0.000000 108.603559 99.943178 -0.002183 3.493951 -0.000085 
37 38.423335 0.000000 108.603559 100.177689 -0.089586 3.381736 -0.004701 
38 -70.411057 0.000000 210.807117 99.962478 -0.009058 3.492507 -0.000469 
39 -15.993861 0.000000 -44.701779 99.852566 0.003086 3.541965 0.001692 
40 -70.411057 0.000000 -44.701779 99.926219 0.002322 3.507696 0.000245 
41 -15.993861 0.000000 -95.803559 99.845130 0.014067 3.506665 0.001865 
42 38.423335 0.000000 -44.701779 98.939038 0.238956 3.058956 0.020165 
43 -15.993861 0.000000 6.400000 99.961228 0.001836 3.566219 -0.000496 
44 147.257728 0.000000 108.603559 99.975790 -0.140730 3.233965 -0.000564 
45 256.092120 0.000000 108.603559 99.952209 -0.163293 3.226964 -0.000088 
46 147.257728 0.000000 210.807117 99.965794 -0.059221 3.420897 -0.000487 
47 92.840531 0.000000 -44.701779 99.867748 0.301072 2.589236 0.001964 
48 92.840531 0.000000 -95.803559 99.841463 0.151240 3.209568 0.002136 
49 147.257728 0.000000 -44.701779 99.951778 0.300047 2.661197 0.000247 
50 92.840531 0.000000 6.400000 100.034869 -0.909980 0.254547 -0.000787 
51 -15.993861 0.000000 57.501779 100.044395 -0.012621 3.532856 -0.002136 
52 -70.411057 0.000000 57.501779 99.956684 -0.002643 3.506645 -0.000364 
53 38.423335 0.000000 57.501779 100.659605 -0.174013 3.176568 -0.014248 
54 -15.993861 0.000000 108.603559 100.032103 -0.016077 3.499833 -0.001867 
55 11.214737 0.000000 -19.150890 99.606546 -0.237644 3.670690 0.006501 
56 -15.993861 0.000000 -19.150890 99.894064 -0.008832 3.561047 0.000849 
57 11.214737 0.000000 -44.701779 99.572585 0.014041 3.560298 0.007262 
58 38.423335 0.000000 -19.150890 96.963431 0.571473 2.039083 0.059361 
59 11.214737 0.000000 6.400000 100.187969 0.000000 2.776236 -0.004534 
60 -288.079842 0.000000 -95.803559 99.938054 0.000657 3.491920 0.000019 
61 -396.914234 0.000000 -95.803559 99.938648 0.000384 3.491083 0.000008 
62 -288.079842 0.000000 -198.007117 99.937109 0.001433 3.491628 0.000038 
63 -288.079842 0.000000 6.400000 99.939234 -0.000182 3.492018 -0.000004 
64 -124.828253 0.000000 -44.701779 99.934894 0.000706 3.499349 0.000077 
65 -179.245449 0.000000 -44.701779 99.937500 0.000437 3.494478 0.000028 
66 -124.828253 0.000000 -95.803559 99.930658 0.001801 3.498085 0.000163 
67 -124.828253 0.000000 6.400000 99.940033 -0.000430 3.498554 -0.000025 
68 -43.202459 0.000000 -19.150890 99.925599 0.001293 3.525857 0.000244 
69 -70.411057 0.000000 -19.150890 99.933758 0.000329 3.508941 0.000093 
70 -43.202459 0.000000 -44.701779 99.908946 0.003224 3.520765 0.000581 
71 -43.202459 0.000000 6.400000 99.945882 -0.001516 3.526445 -0.000162 
72 92.840531 0.000000 57.501779 100.067962 -0.261980 2.763310 -0.002130 
73 147.257728 0.000000 57.501779 99.982427 -0.276189 2.748438 -0.000412 
74 92.840531 0.000000 108.603559 100.046876 -0.134522 3.247231 -0.001994 
75 11.214737 0.000000 31.950890 100.337718 0.054041 3.600468 -0.008062 
76 -15.993861 0.000000 31.950890 100.021879 0.000798 3.558164 -0.001704 
77 38.423335 0.000000 31.950890 101.646695 -0.369091 2.761131 -0.033981 
78 11.214737 0.000000 57.501779 100.297231 -0.041033 3.520405 -0.007193 
79 -2.389562 0.000000 -6.375445 99.856550 -0.112965 3.632245 0.001546 
80 -15.993861 0.000000 -6.375445 99.925913 -0.005805 3.566576 0.000209 
81 -2.389562 0.000000 -19.150890 99.819011 -0.078049 3.602111 0.002318 
82 11.214737 0.000000 -6.375445 99.773613 0.000000 2.776838 0.003752 
83 -2.389562 0.000000 6.400000 100.040318 0.108165 3.630893 -0.002126 
84 65.631933 0.000000 -19.150890 99.620431 0.464324 1.348348 0.007374 
85 65.631933 0.000000 -44.701779 99.569107 0.296899 2.569577 0.007930 
86 92.840531 0.000000 -19.150890 99.937090 0.462039 1.503300 0.001010 
87 65.631933 0.000000 6.400000 100.276612 -0.164837 0.099836 -0.005544 
88 24.819036 0.000000 -6.375445 96.903582 -0.145096 4.933079 0.058534 
89 24.819036 0.000000 -19.150890 98.376009 -0.023191 3.759666 0.030803 
90 38.423335 0.000000 -6.375445 96.796722 0.365070 -2.935270 0.062165 
91 24.819036 0.000000 6.400000 102.962391 -0.095560 5.111472 -0.062739 
92 -288.079842 0.000000 108.603559 99.940393 -0.001015 3.491885 -0.000028 
93 -396.914234 0.000000 108.603559 99.939658 -0.000641 3.491071 -0.000012 
94 -288.079842 0.000000 210.807117 99.941287 -0.001776 3.491570 -0.000045 
95 -124.828253 0.000000 57.501779 99.945125 -0.001575 3.499060 -0.000127 
96 -179.245449 0.000000 57.501779 99.941491 -0.001025 3.494391 -0.000051 
97 -124.828253 0.000000 108.603559 99.948944 -0.002692 3.497594 -0.000202 
98 -43.202459 0.000000 31.950890 99.965036 -0.004545 3.524084 -0.000543 
99 -70.411057 0.000000 31.950890 99.949962 -0.001504 3.508269 -0.000230 
100 -43.202459 0.000000 57.501779 99.979322 -0.006033 3.518628 -0.000825 
101 -2.389562 0.000000 19.175445 100.075370 0.073295 3.598915 -0.002804 
102 -15.993861 0.000000 19.175445 99.992547 0.005015 3.560125 -0.001118 
103 11.214737 0.000000 19.175445 100.309618 0.229798 3.653822 -0.007542 
104 -2.389562 0.000000 31.950890 100.106275 0.025771 3.578456 -0.003407 
105 4.412588 0.000000 0.012278 99.968470 -0.000473 0.557085 0.000599 
106 -2.389562 0.000000 0.012278 99.948857 -0.001986 3.660963 -0.000318 
107 4.412588 0.000000 -6.375445 99.644393 -0.749759 3.472850 0.005837 
108 11.214737 0.000000 0.012278 99.976220 -0.000483 0.784959 0.000414 
109 4.412588 0.000000 6.400000 100.263690 0.739630 3.471362 -0.006540 
110 65.631933 0.000000 31.950890 100.415200 -0.388650 1.988020 -0.008732 
111 92.840531 0.000000 31.950890 100.064062 -0.408704 1.992593 -0.001695 
112 65.631933 0.000000 57.501779 100.313192 -0.246053 2.806505 -0.007067 
113 24.819036 0.000000 19.175445 101.481111 0.018018 3.665261 -0.031185 
114 38.423335 0.000000 19.175445 102.975147 -0.605425 2.070386 -0.060853 
115 24.819036 0.000000 31.950890 101.015396 -0.102771 3.491303 -0.021631 
116 18.016887 0.000000 0.012278 100.056066 -0.001489 1.062415 -0.001235 
117 18.016887 0.000000 -6.375445 99.761859 0.000000 2.671111 0.004044 
118 24.819036 0.000000 0.012278 102.813137 -0.202064 1.829498 -0.057393 
119 18.016887 0.000000 6.400000 100.358747 0.000000 2.626556 -0.007878 
120 -70.411057 0.000000 -300.210676 99.921852 0.007758 3.489811 0.000344 
121 -179.245449 0.000000 -300.210676 99.932821 0.003725 3.491658 0.000124 
122 -70.411057 0.000000 -402.414234 99.926885 0.008160 3.488707 0.000245 
123 38.423335 0.000000 -300.210676 99.907832 0.018807 3.475154 0.000635 
124 -15.993861 0.000000 -146.905338 99.867695 0.010900 3.491076 0.001426 
125 -70.411057 0.000000 -146.905338 99.911752 0.004526 3.498900 0.000540 
126 -15.993861 0.000000 -198.007117 99.883691 0.010410 3.486855 0.001109 
127 38.423335 0.000000 -146.905338 99.807305 0.026692 3.431975 0.002672 
128 11.214737 0.000000 -70.252669 99.658726 0.045688 3.495473 0.005592 
129 -15.993861 0.000000 -70.252669 99.834661 0.013930 3.525491 0.002061 
130 11.214737 0.000000 -95.803559 99.732441 0.043943 3.477222 0.004135 
131 38.423335 0.000000 -70.252669 99.444460 0.142500 3.271583 0.010008 
132 24.819036 0.000000 -31.926334 98.868404 0.091360 3.527521 0.021259 
133 11.214737 0.000000 -31.926334 99.561449 -0.060586 3.614582 0.007445 
134 24.819036 0.000000 -44.701779 99.184670 0.105363 3.445370 0.015052 
135 38.423335 0.000000 -31.926334 98.284690 0.364590 2.785463 0.033223 
136 18.016887 0.000000 -12.763167 99.357191 -0.476366 3.819550 0.011333 
137 11.214737 0.000000 -12.763167 99.663815 -0.463774 3.661139 0.005350 
138 18.016887 0.000000 -19.150890 99.266032 -0.204841 3.765649 0.013203 
139 24.819036 0.000000 -12.763167 98.063859 -0.187414 4.000558 0.036744 
140 14.615812 0.000000 -3.181584 99.837183 -0.000175 2.081616 0.002820 
141 11.214737 0.000000 -3.181584 99.844840 -0.000129 1.791401 0.002780 
142 14.615812 0.000000 -6.375445 99.800667 0.000000 2.495811 0.003360 
143 18.016887 0.000000 -3.181584 99.967746 -0.001513 1.070160 0.000530 
144 14.615812 0.000000 0.012278 100.004000 -0.000482 0.677718 -0.000126 
145 18.016887 0.000000 12.787722 100.608360 0.473002 3.767274 -0.013646 
146 11.214737 0.000000 12.787722 100.264367 0.456626 3.646824 -0.006645 
147 24.819036 0.000000 12.787722 101.780192 0.182615 3.828941 -0.037390 
148 18.016887 0.000000 19.175445 100.659686 0.197385 3.720344 -0.014625 
149 14.615812 0.000000 3.206139 100.156340 -0.000174 2.083026 -0.003563 
150 11.214737 0.000000 3.206139 100.113677 -0.000125 1.850853 -0.002617 
151 18.016887 0.000000 3.206139 100.148078 -0.001511 1.059898 -0.003076 
152 14.615812 0.000000 6.400000 100.180366 0.000000 2.486339 -0.004229 
153 52.027634 0.000000 -6.375445 99.556145 0.000000 -0.290607 0.008849 
154 52.027634 0.000000 -19.150890 98.825836 0.545114 1.212865 0.023169 
155 65.631933 0.000000 -6.375445 99.777570 0.395177 0.292331 0.004419 
156 52.027634 0.000000 6.400000 100.678338 0.000000 -0.216550 -0.013617 
157 31.621186 0.000000 0.012278 104.869816 -0.293579 -0.289788 -0.099785 
158 31.621186 0.000000 -6.375445 94.831690 -0.053577 1.872267 0.100344 
159 38.423335 0.000000 0.012278 104.429860 -0.031364 -1.229241 -0.090711 
160 31.621186 0.000000 6.400000 105.709862 -0.039768 2.034522 -0.117872 
161 52.027634 0.000000 19.175445 101.255777 -0.511292 1.141708 -0.025430 
162 65.631933 0.000000 19.175445 100.409837 -0.000000 1.047719 -0.008323 
163 52.027634 0.000000 31.950890 101.029404 -0.388344 2.105581 -0.021152 
164 45.225485 0.000000 0.012278 100.547297 0.090926 -0.751215 -0.011033 
165 45.225485 0.000000 -6.375445 99.045377 0.311650 -2.425608 0.018403 
166 52.027634 0.000000 0.012278 100.133973 -0.035595 -0.092758 -0.002682 
167 45.225485 0.000000 6.400000 102.103841 0.000000 -0.852854 -0.042592 
168 147.257728 0.000000 -300.210676 99.921488 0.037379 3.459793 0.000372 
169 147.257728 0.000000 -402.414234 99.926722 0.026527 3.474164 0.000258 
170 256.092120 0.000000 -300.210676 99.933299 0.048785 3.458086 0.000137 
171 92.840531 0.000000 -146.905338 99.861764 0.056374 3.368142 0.001628 
172 92.840531 0.000000 -198.007117 99.881520 0.042910 3.424127 0.001196 
173 147.257728 0.000000 -146.905338 99.910804 0.088983 3.359361 0.000654 
174 65.631933 0.000000 -70.252669 99.657651 0.193667 3.045823 0.005904 
175 65.631933 0.000000 -95.803559 99.736013 0.135008 3.246443 0.004217 
176 92.840531 0.000000 -70.252669 99.838321 0.206689 3.012860 0.002319 
177 52.027634 0.000000 -31.926334 98.967271 0.394892 2.176769 0.020059 
178 52.027634 0.000000 -44.701779 99.208025 0.291043 2.686436 0.015047 
179 65.631933 0.000000 -31.926334 99.562101 0.372936 2.105364 0.008282 
180 45.225485 0.000000 -12.763167 97.690991 0.847076 0.363736 0.045562 
181 38.423335 0.000000 -12.763167 95.845547 0.833972 1.085516 0.081176 
182 45.225485 0.000000 -19.150890 97.888832 0.614636 1.342598 0.041560 
183 52.027634 0.000000 -12.763167 98.957212 0.638345 0.518243 0.020679 
184 364.926512 0.000000 -95.803559 99.945764 0.156548 3.261680 0.000018 
185 364.926512 0.000000 -198.007117 99.939122 0.080818 3.424002 0.000044 
186 473.760905 0.000000 -95.803559 99.945977 0.152415 3.276319 0.000004 
187 364.926512 0.000000 6.400000 100.050597 0.228104 0.302296 -0.001027 
188 201.674924 0.000000 -44.701779 99.960867 0.291042 2.711696 0.000039 
189 201.674924 0.000000 -95.803559 99.937586 0.157296 3.231121 0.000201 
190 256.092120 0.000000 -44.701779 99.962135 0.285122 2.753577 -0.000009 
191 201.674924 0.000000 6.400000 100.052051 -0.204111 0.265984 -0.001053 
192 120.049130 0.000000 -19.150890 99.986755 0.458091 1.596686 -0.000011 
193 120.049130 0.000000 -44.701779 99.932195 0.302015 2.626962 0.000656 
194 147.257728 0.000000 -19.150890 99.995067 0.452724 1.670356 -0.000201 
195 120.049130 0.000000 6.400000 100.050372 -0.555989 0.347863 -0.001051 
196 79.236232 0.000000 -6.375445 99.938652 0.409627 0.398004 0.001194 
197 79.236232 0.000000 -19.150890 99.855670 0.460609 1.448226 0.002654 
198 92.840531 0.000000 -6.375445 99.991850 0.410948 0.479688 0.000123 
199 79.236232 0.000000 6.400000 100.057881 -1.031049 0.223123 -0.001269 
200 58.829784 0.000000 0.012278 100.015677 -0.020725 -0.033139 -0.000314 
201 58.829784 0.000000 -6.375445 99.803875 0.000000 -0.130618 0.003917 
202 65.631933 0.000000 0.012278 99.833726 -0.016049 -0.001899 0.003323 
203 58.829784 0.000000 6.400000 100.365311 0.000000 0.137803 -0.007321 
204 48.626560 0.000000 -3.181584 99.640071 0.008339 -0.551921 0.007155 
205 45.225485 0.000000 -3.181584 99.788871 0.147204 -1.233345 0.004064 
206 48.626560 0.000000 -6.375445 99.314880 0.068945 -0.799576 0.013591 
207 52.027634 0.000000 -3.181584 99.904146 -0.043097 -0.133987 0.001914 
208 48.626560 0.000000 0.012278 100.284012 -0.020682 -0.336916 -0.005700 
209 45.225485 0.000000 12.787722 102.526887 -0.762660 0.449510 -0.051255 
210 38.423335 0.000000 12.787722 104.094335 -0.944006 1.275972 -0.083815 
211 52.027634 0.000000 12.787722 101.180671 -0.587826 0.481218 -0.023811 
212 45.225485 0.000000 19.175445 102.201406 -0.583982 1.338923 -0.044726 
213 48.626560 0.000000 3.206139 100.812832 -0.018733 -0.445349 -0.016343 
214 45.225485 0.000000 3.206139 101.322825 0.123281 -0.921032 -0.026718 
215 52.027634 0.000000 3.206139 100.393597 -0.038011 -0.158226 -0.007890 
216 48.626560 0.000000 6.400000 101.165646 0.000000 -0.489242 -0.023473 
217 41.824410 0.000000 -3.181584 100.276410 0.166865 -1.666511 -0.005816 
218 38.423335 0.000000 -3.181584 99.077632 0.063924 -2.643219 0.017663 
219 41.824410 0.000000 -6.375445 97.880965 0.358046 -2.962483 0.041041 
220 41.824410 0.000000 0.012278 102.070405 0.094802 -1.136830 -0.041967 
221 21.417961 0.000000 -3.181584 99.397727 -0.032502 2.541293 0.011363 
222 21.417961 0.000000 -6.375445 98.957758 -0.089285 4.368479 0.018827 
223 24.819036 0.000000 -3.181584 101.459099 -0.203913 1.935036 -0.029773 
224 21.417961 0.000000 0.012278 100.962579 -0.058024 1.407843 -0.019543 
225 364.926512 0.000000 108.603559 99.950018 -0.171957 3.210817 -0.000034 
226 473.760905 0.000000 108.603559 99.950004 -0.179043 3.191366 -0.000022 
227 364.926512 0.000000 210.807117 99.943782 -0.085378 3.416464 -0.000044 
228 201.674924 0.000000 57.501779 99.971546 -0.284382 2.718666 -0.000178 
229 256.092120 0.000000 57.501779 99.969964 -0.294381 2.681124 -0.000127 
230 201.674924 0.000000 108.603559 99.958714 -0.155875 3.230512 -0.000220 
231 120.049130 0.000000 31.950890 100.013698 -0.419256 1.984474 -0.000685 
232 147.257728 0.000000 31.950890 100.002032 -0.430873 1.953910 -0.000441 
233 120.049130 0.000000 57.501779 100.002718 -0.270535 2.757905 -0.000822 
234 79.236232 0.000000 19.175445 100.129492 -1.453193 1.326991 -0.002979 
235 92.840531 0.000000 19.175445 100.044976 -1.705897 1.534296 -0.001426 
236 79.236232 0.000000 31.950890 100.162180 -0.401478 1.981549 -0.003655 
237 72.434083 0.000000 0.012278 99.893242 -0.011771 -0.013024 0.002134 
238 72.434083 0.000000 -6.375445 99.857312 0.407710 0.340004 0.002824 
239 79.236232 0.000000 0.012278 99.995850 -0.039395 0.058446 0.000083 
240 72.434083 0.000000 6.400000 100.074423 -0.307259 -0.007822 -0.001498 
241 58.829784 0.000000 12.787722 100.521307 0.000000 0.637158 -0.010494 
242 65.631933 0.000000 12.787722 100.401726 -0.000000 0.759370 -0.008108 
243 58.829784 0.000000 19.175445 100.678252 -0.534776 1.173656 -0.013777 
244 62.230859 0.000000 3.206139 100.080714 -0.056493 0.025715 -0.001615 
245 58.829784 0.000000 3.206139 100.176034 -0.000572 -0.048985 -0.003524 
246 62.230859 0.000000 0.012278 99.922746 -0.020541 -0.002881 0.001544 
247 65.631933 0.000000 3.206139 99.953302 -0.114327 -0.022127 0.000932 
248 62.230859 0.000000 6.400000 100.338738 -0.056044 0.196013 -0.006790 
249 72.434083 0.000000 12.787722 100.243988 -0.399498 0.748431 -0.004958 
250 79.236232 0.000000 12.787722 100.110741 -0.476498 0.815087 -0.002305 
251 72.434083 0.000000 19.175445 100.252641 -1.353487 1.249164 -0.005398 
252 69.033008 0.000000 3.206139 99.948403 -0.126316 -0.023731 0.001030 
253 69.033008 0.000000 0.012278 99.840031 -0.013425 -0.005563 0.003197 
254 72.434083 0.000000 3.206139 100.075804 -0.307202 -0.007816 -0.001526 
255 69.033008 0.000000 6.400000 100.099516 -0.305153 -0.007774 -0.002001 
256 62.230859 0.000000 9.593861 100.397245 0.000000 0.496990 -0.007985 
257 58.829784 0.000000 9.593861 100.494088 0.000000 0.406842 -0.009923 
258 65.631933 0.000000 9.593861 100.410843 -0.000000 0.515808 -0.008260 
259 62.230859 0.000000 12.787722 100.455206 0.000000 0.719936 -0.009177 
260 63.931396 0.000000 4.803069 100.212060 -0.141356 0.015351 -0.004248 
261 62.230859 0.000000 4.803069 100.224423 -0.081011 0.060236 -0.004495 
262 63.931396 0.000000 3.206139 99.980298 -0.075299 -0.016878 0.000393 
263 65.631933 0.000000 4.803069 100.119310 -0.186863 -0.006426 -0.002391 
264 63.931396 0.000000 6.400000 100.372681 -0.086019 0.146913 -0.007470 
265 55.428709 0.000000 3.206139 100.277385 -0.009415 -0.102000 -0.005556 
266 55.428709 0.000000 0.012278 100.058818 -0.018990 -0.069844 -0.001177 
267 55.428709 0.000000 6.400000 100.547381 0.000000 -0.001387 -0.010978 
268 60.530321 0.000000 4.803069 100.216745 -0.032517 0.055809 -0.004340 
269 58.829784 0.000000 4.803069 100.292852 0.000000 0.016344 -0.005866 
270 60.530321 0.000000 3.206139 100.160247 -0.015318 0.038210 -0.003208 
271 60.530321 0.000000 6.400000 100.310037 0.000000 0.219999 -0.006215 
272 58.829784 0.000000 -12.763167 99.483173 0.519633 0.724783 0.010230 
273 58.829784 0.000000 -19.150890 99.358247 0.501489 1.275410 0.012606 
274 65.631933 0.000000 -12.763167 99.694736 0.495479 0.847998 0.005999 
275 62.230859 0.000000 -3.181584 99.844133 -0.000000 0.000224 0.003115 
276 58.829784 0.000000 -3.181584 99.861371 -0.001421 -0.079008 0.002770 
277 62.230859 0.000000 -6.375445 99.752564 0.389556 0.235153 0.004922 
278 65.631933 0.000000 -3.181584 99.821732 -0.000000 0.017387 0.003562 
279 63.931396 0.000000 1.609208 99.877015 -0.036012 -0.017204 0.002458 
280 62.230859 0.000000 1.609208 99.967078 -0.025607 0.002896 0.000658 
281 63.931396 0.000000 0.012278 99.858097 -0.014312 -0.005978 0.002836 
282 65.631933 0.000000 1.609208 99.855196 -0.031891 -0.015302 0.002894 
283 63.081127 0.000000 4.004604 99.812222 -0.042396 -0.130746 0.003750 
284 62.230859 0.000000 4.004604 100.122752 -0.043067 0.077038 -0.002457 
285 63.081127 0.000000 3.206139 100.053885 -0.070266 0.008145 -0.001078 
286 63.931396 0.000000 4.004604 100.082907 -0.142218 -0.035588 -0.001661 
287 63.081127 0.000000 4.803069 100.224241 -0.100924 0.036614 -0.004491 
288 55.428709 0.000000 9.593861 100.581776 0.000000 0.278187 -0.011677 
289 52.027634 0.000000 9.593861 100.638726 0.000000 0.166904 -0.012818 
290 55.428709 0.000000 12.787722 100.566623 0.000000 0.486786 -0.011388 
291 57.129246 0.000000 4.803069 100.324914 -0.060149 -0.013894 -0.006509 
292 55.428709 0.000000 4.803069 100.453382 -0.047694 -0.078790 -0.009089 
293 57.129246 0.000000 3.206139 100.241264 -0.001309 -0.105980 -0.004832 
294 57.129246 0.000000 6.400000 100.460306 0.000000 0.090205 -0.009228 
295 60.530321 0.000000 1.609208 100.060688 -0.011932 0.001102 -0.001214 
296 58.829784 0.000000 1.609208 100.085827 -0.017137 -0.028047 -0.001717 
297 60.530321 0.000000 0.012278 99.990057 -0.022021 -0.006402 0.000199 
298 59.680053 0.000000 4.004604 100.254119 0.000000 0.035434 -0.005089 
299 58.829784 0.000000 4.004604 100.254209 0.000000 -0.004937 -0.005091 
300 59.680053 0.000000 3.206139 100.161044 -0.000000 -0.007554 -0.003223 
301 60.530321 0.000000 4.004604 100.196414 -0.019895 0.059436 -0.003933 
302 59.680053 0.000000 4.803069 100.292247 0.000000 0.059157 -0.005854 
303 60.530321 0.000000 7.996931 100.395152 0.000000 0.366476 -0.007932 
304 58.829784 0.000000 7.996931 100.467652 0.000000 0.317027 -0.009385 
305 62.230859 0.000000 7.996931 100.387378 -0.000000 0.393428 -0.007778 
306 60.530321 0.000000 9.593861 100.438307 0.000000 0.456784 -0.008806 
307 59.680053 0.000000 5.601535 100.296908 0.000000 0.108425 -0.005948 
308 58.829784 0.000000 5.601535 100.312565 -0.391734 0.032911 -0.006277 
309 60.530321 0.000000 5.601535 100.253867 -0.028129 0.129542 -0.005086 
310 59.680053 0.000000 6.400000 100.326364 0.000000 0.182962 -0.006541 
311 61.380590 0.000000 5.601535 100.281425 -0.057659 0.128281 -0.005638 
312 61.380590 0.000000 4.803069 100.243249 -0.063884 0.082570 -0.004872 
313 62.230859 0.000000 5.601535 100.329827 -0.073503 0.120734 -0.006609 
314 61.380590 0.000000 6.400000 100.323857 -0.040771 0.200706 -0.006492 
315 60.105187 0.000000 5.202302 100.291359 -0.011328 0.043913 -0.005836 
316 59.680053 0.000000 5.202302 100.314942 -0.360330 0.033531 -0.006322 
317 60.105187 0.000000 4.803069 100.255728 -0.000000 0.075215 -0.005122 
318 60.530321 0.000000 5.202302 100.239938 -0.028509 0.097712 -0.004806 
319 60.105187 0.000000 5.601535 100.275268 0.000000 0.123320 -0.005514 
320 57.129246 0.000000 7.996931 100.530053 0.000000 0.242966 -0.010635 
321 55.428709 0.000000 7.996931 100.608425 0.000000 0.153042 -0.012208 
322 57.129246 0.000000 9.593861 100.558739 0.000000 0.345105 -0.011218 
323 57.979515 0.000000 5.601535 100.362811 -0.447144 0.019493 -0.007289 
324 57.129246 0.000000 5.601535 100.405231 -0.308336 -0.002712 -0.008131 
325 57.979515 0.000000 4.803069 100.328927 -0.177784 -0.025248 -0.006593 
326 57.979515 0.000000 6.400000 100.423533 0.000000 0.114528 -0.008490 
327 59.254918 0.000000 5.202302 100.310067 -0.302977 0.025296 -0.006220 
328 58.829784 0.000000 5.202302 100.306914 -0.302889 0.017200 -0.006157 
329 59.254918 0.000000 4.803069 100.303816 -0.000000 0.023543 -0.006086 
330 59.254918 0.000000 5.601535 100.305704 -0.267425 0.040140 -0.006131 
331 59.680053 0.000000 7.198465 100.357384 -0.000000 0.222809 -0.007165 
332 58.829784 0.000000 7.198465 100.418424 0.000000 0.204827 -0.008390 
333 60.530321 0.000000 7.198465 100.337095 0.000000 0.253051 -0.006760 
334 59.680053 0.000000 7.996931 100.442520 0.000000 0.367835 -0.008884 
335 60.105187 0.000000 6.000767 100.288713 0.000000 0.149362 -0.005785 
336 59.680053 0.000000 6.000767 100.306301 0.000000 0.141830 -0.006137 
337 60.530321 0.000000 6.000767 100.309640 0.000000 0.189640 -0.006206 
338 60.105187 0.000000 6.400000 100.314864 0.000000 0.187048 -0.006311 
339 59.892620 0.000000 5.401918 100.271758 -0.155155 0.043933 -0.005445 
340 59.680053 0.000000 5.401918 100.282803 -0.264907 0.048641 -0.005671 
341 59.892620 0.000000 5.202302 100.300117 -0.260850 0.031294 -0.006018 
342 60.105187 0.000000 5.401918 100.288138 -0.017037 0.027673 -0.005771 
343 59.892620 0.000000 5.601535 100.283826 0.000000 0.114499 -0.005686 
344 61.380590 0.000000 4.004604 100.188909 -0.037233 0.097929 -0.003783 
345 61.380590 0.000000 3.206139 100.112693 -0.027976 0.058615 -0.002256 
346 60.105187 0.000000 4.403837 100.243628 -0.000000 0.067642 -0.004879 
347 59.680053 0.000000 4.403837 100.259619 0.000000 0.039415 -0.005199 
348 60.105187 0.000000 4.004604 100.242686 -0.000000 0.069644 -0.004860 
349 60.530321 0.000000 4.403837 100.195545 -0.038033 0.047617 -0.003915 
350 60.955456 0.000000 4.403837 100.211629 -0.047093 0.076992 -0.004238 
351 60.955456 0.000000 4.004604 100.201695 -0.036340 0.073266 -0.004039 
352 61.380590 0.000000 4.403837 100.223002 -0.058665 0.091260 -0.004466 
353 60.955456 0.000000 4.803069 100.222669 -0.064851 0.078172 -0.004459 
354 60.317754 0.000000 4.603453 100.220630 -0.011513 0.062946 -0.004418 
355 60.105187 0.000000 4.603453 100.246932 -0.000000 0.074832 -0.004945 
356 60.317754 0.000000 4.403837 100.224612 -0.007849 0.065412 -0.004498 
357 60.530321 0.000000 4.603453 100.198611 -0.030217 0.053549 -0.003977 
358 60.317754 0.000000 4.803069 100.231152 -0.009002 0.068415 -0.004629 
359 53.728172 0.000000 4.803069 100.568606 0.000000 -0.185617 -0.011408 
360 52.027634 0.000000 4.803069 100.637732 0.000000 -0.261612 -0.012802 
361 53.728172 0.000000 3.206139 100.393669 -0.006396 -0.174024 -0.007892 
362 53.728172 0.000000 6.400000 100.559464 0.000000 -0.100249 -0.011222 
363 56.278978 0.000000 5.601535 100.444580 -0.189388 -0.020768 -0.008915 
364 55.428709 0.000000 5.601535 100.486788 -0.163610 -0.028066 -0.009762 
365 56.278978 0.000000 4.803069 100.405660 -0.098258 -0.045313 -0.008131 
366 56.278978 0.000000 6.400000 100.518671 0.000000 0.040128 -0.010400 
367 55.428709 0.000000 -3.181584 99.911687 -0.013102 -0.120595 0.001764 
368 55.428709 0.000000 -6.375445 99.732538 0.000000 -0.252424 0.005336 
369 57.129246 0.000000 1.609208 100.115320 -0.019991 -0.057889 -0.002308 
370 55.428709 0.000000 1.609208 100.138209 -0.015501 -0.079179 -0.002767 
371 57.129246 0.000000 0.012278 100.043629 -0.021524 -0.053396 -0.000873 
372 57.979515 0.000000 4.004604 100.288849 -0.000000 -0.058703 -0.005786 
373 57.129246 0.000000 4.004604 100.304077 -0.000000 -0.065225 -0.006091 
374 57.979515 0.000000 3.206139 100.237270 -0.000852 -0.099611 -0.004752 
375 57.554381 0.000000 5.202302 100.345475 -0.234535 -0.000061 -0.006927 
376 57.129246 0.000000 5.202302 100.350120 -0.104309 -0.006057 -0.007016 
377 57.554381 0.000000 4.803069 100.329010 -0.108824 -0.020576 -0.006592 
378 57.979515 0.000000 5.202302 100.349161 -0.430969 0.003909 -0.007014 
379 57.554381 0.000000 5.601535 100.370690 -0.344567 0.006655 -0.007439 
380 56.278978 0.000000 4.004604 100.371881 0.000000 -0.064080 -0.007452 
381 55.428709 0.000000 4.004604 100.355493 -0.001757 -0.100168 -0.007124 
382 56.278978 0.000000 3.206139 100.294674 -0.002364 -0.125940 -0.005904 
383 56.704112 0.000000 5.202302 100.389764 -0.118432 -0.008113 -0.007812 
384 56.278978 0.000000 5.202302 100.434925 -0.224615 -0.020900 -0.008722 
385 56.704112 0.000000 4.803069 100.363791 -0.033410 -0.037718 -0.007289 
386 56.704112 0.000000 5.601535 100.426535 -0.245480 -0.010150 -0.008555 
387 57.979515 0.000000 7.198465 100.453696 0.000000 0.177873 -0.009098 
388 57.129246 0.000000 7.198465 100.495252 0.000000 0.149624 -0.009932 
389 57.979515 0.000000 7.996931 100.497573 0.000000 0.280665 -0.009984 
390 57.554381 0.000000 6.000767 100.393796 -0.048883 0.031609 -0.007892 
391 57.129246 0.000000 6.000767 100.429059 -0.091078 0.023993 -0.008600 
392 57.979515 0.000000 6.000767 100.407235 0.000000 0.086816 -0.008162 
393 57.554381 0.000000 6.400000 100.429399 0.000000 0.101776 -0.008607 
394 57.341814 0.000000 5.401918 100.355027 -0.156905 -0.007039 -0.007116 
395 57.129246 0.000000 5.401918 100.364745 -0.044892 0.035649 -0.007309 
396 57.341814 0.000000 5.202302 100.348466 -0.176985 -0.003753 -0.006985 
397 57.554381 0.000000 5.401918 100.357271 -0.228177 0.007410 -0.007163 
398 57.341814 0.000000 5.601535 100.386369 -0.346245 0.001390 -0.007754 
399 48.626560 0.000000 9.593861 101.657589 -0.727882 -0.016864 -0.033480 
400 45.225485 0.000000 9.593861 102.577398 -0.901933 -0.100955 -0.052295 
401 48.626560 0.000000 12.787722 101.747661 -0.656732 0.414277 -0.035319 
402 53.728172 0.000000 7.996931 100.605349 0.000000 0.036314 -0.012144 
403 52.027634 0.000000 7.996931 100.646879 0.000000 -0.061946 -0.012980 
404 53.728172 0.000000 9.593861 100.613029 0.000000 0.177429 -0.012301 
405 56.278978 0.000000 7.198465 100.545693 0.000000 0.119389 -0.010945 
406 55.428709 0.000000 7.198465 100.567927 0.000000 0.052696 -0.011391 
407 56.278978 0.000000 7.996931 100.564619 0.000000 0.204842 -0.011328 
408 56.704112 0.000000 6.000767 100.463691 0.000000 0.026893 -0.009295 
409 56.278978 0.000000 6.000767 100.489809 0.000000 -0.000951 -0.009820 
410 56.704112 0.000000 6.400000 100.490928 0.000000 0.073997 -0.009843 
411 56.916679 0.000000 5.401918 100.389218 -0.187847 0.003268 -0.007803 
412 56.704112 0.000000 5.401918 100.406425 -0.176561 -0.001781 -0.008148 
413 56.916679 0.000000 5.202302 100.373637 -0.095436 0.010433 -0.007488 
414 56.916679 0.000000 5.601535 100.404458 -0.152555 0.003400 -0.008108 
415 57.554381 0.000000 4.403837 100.300949 -0.000000 -0.070136 -0.006029 
416 57.129246 0.000000 4.403837 100.303314 0.000000 -0.062914 -0.006076 
417 57.554381 0.000000 4.004604 100.301158 -0.000000 -0.070275 -0.006033 
418 57.979515 0.000000 4.403837 100.300483 -0.000000 -0.066282 -0.006019 
419 57.341814 0.000000 5.002686 100.334770 -0.116432 -0.002060 -0.006708 
420 57.129246 0.000000 5.002686 100.346126 -0.087824 -0.006417 -0.006935 
421 57.341814 0.000000 4.803069 100.323854 -0.060544 -0.016868 -0.006488 
422 57.554381 0.000000 5.002686 100.338241 -0.178076 -0.002327 -0.006779 
423 57.235530 0.000000 5.302110 100.348687 -0.159141 -0.017166 -0.006988 
424 57.129246 0.000000 5.302110 100.359554 -0.129842 -0.010012 -0.007206 
425 57.235530 0.000000 5.202302 100.344345 -0.150235 -0.013443 -0.006901 
426 57.341814 0.000000 5.302110 100.354028 -0.340553 -0.004764 -0.007105 
427 57.235530 0.000000 5.401918 100.337604 -0.046719 -0.027805 -0.006764 
428 53.728172 0.000000 1.609208 100.256470 -0.022270 -0.135324 -0.005138 
429 52.027634 0.000000 1.609208 100.279526 -0.041111 -0.142619 -0.005601 
430 53.728172 0.000000 0.012278 100.091929 -0.025874 -0.075132 -0.001840 
431 54.578440 0.000000 4.004604 100.402210 -0.002588 -0.118956 -0.008062 
432 53.728172 0.000000 4.004604 100.457706 -0.002943 -0.160596 -0.009178 
433 54.578440 0.000000 3.206139 100.321399 -0.008803 -0.124552 -0.006440 
434 54.578440 0.000000 4.803069 100.497303 0.000000 -0.123372 -0.009972 
435 56.278978 0.000000 2.407673 100.231700 -0.006766 -0.120697 -0.004641 
436 55.428709 0.000000 2.407673 100.217472 -0.012111 -0.099122 -0.004355 
437 56.278978 0.000000 1.609208 100.149641 -0.013903 -0.085256 -0.002996 
438 57.129246 0.000000 2.407673 100.168405 -0.010037 -0.075042 -0.003372 
439 55.853843 0.000000 3.605371 100.314363 -0.002907 -0.106785 -0.006298 
440 55.428709 0.000000 3.605371 100.323835 -0.004188 -0.094898 -0.006488 
441 55.853843 0.000000 3.206139 100.281216 -0.006258 -0.102720 -0.005633 
442 56.278978 0.000000 3.605371 100.311988 -0.001199 -0.101804 -0.006251 
443 55.853843 0.000000 4.004604 100.364799 -0.000400 -0.081359 -0.007310 
444 50.327097 0.000000 4.803069 100.692095 -0.024954 -0.291929 -0.013898 
445 48.626560 0.000000 4.803069 101.074021 -0.044295 -0.445606 -0.021616 
446 50.327097 0.000000 3.206139 100.550928 -0.049936 -0.224510 -0.011054 
447 50.327097 0.000000 6.400000 100.868985 0.000000 -0.345971 -0.017467 
448 52.877903 0.000000 4.004604 100.516389 -0.001599 -0.190983 -0.010358 
449 52.027634 0.000000 4.004604 100.564256 -0.013935 -0.216283 -0.011322 
450 52.877903 0.000000 3.206139 100.389666 -0.018831 -0.155584 -0.007811 
451 52.877903 0.000000 4.803069 100.613020 0.000000 -0.224364 -0.012303 
452 50.327097 0.000000 1.609208 100.330003 -0.056908 -0.168110 -0.006614 
453 48.626560 0.000000 1.609208 100.587403 -0.006248 -0.409214 -0.011799 
454 50.327097 0.000000 0.012278 100.166619 -0.057607 -0.168430 -0.003338 
455 52.877903 0.000000 2.407673 100.311742 -0.033161 -0.137002 -0.006247 
456 52.027634 0.000000 2.407673 100.347064 -0.039256 -0.142560 -0.006956 
457 52.877903 0.000000 1.609208 100.246660 -0.038239 -0.115966 -0.004941 
458 53.728172 0.000000 2.407673 100.324749 -0.008740 -0.167815 -0.006508 
459 53.303037 0.000000 3.605371 100.443376 -0.005266 -0.168118 -0.008890 
460 52.877903 0.000000 3.605371 100.463431 -0.004797 -0.174879 -0.009293 
461 53.303037 0.000000 3.206139 100.384159 -0.009012 -0.165427 -0.007701 
462 53.728172 0.000000 3.605371 100.425294 -0.004805 -0.165940 -0.008527 
463 53.303037 0.000000 4.004604 100.484772 -0.002326 -0.182158 -0.009722 
464 51.177366 0.000000 4.004604 100.558966 -0.043262 -0.229317 -0.011216 
465 50.327097 0.000000 4.004604 100.590285 -0.047451 -0.237274 -0.011846 
466 51.177366 0.000000 3.206139 100.438775 -0.046565 -0.174423 -0.008798 
467 51.177366 0.000000 4.803069 100.682652 0.000000 -0.298230 -0.013709 
468 51.177366 0.000000 2.407673 100.358396 -0.048699 -0.149883 -0.007183 
469 50.327097 0.000000 2.407673 100.447671 -0.053012 -0.197057 -0.008978 
470 51.177366 0.000000 1.609208 100.270858 -0.053792 -0.127148 -0.005426 
471 51.602500 0.000000 3.605371 100.513849 -0.033055 -0.195220 -0.010307 
472 51.177366 0.000000 3.605371 100.513417 -0.046990 -0.207666 -0.010299 
473 51.602500 0.000000 3.206139 100.477073 -0.034214 -0.194254 -0.009568 
474 52.027634 0.000000 3.605371 100.489501 -0.027660 -0.183218 -0.009817 
475 51.602500 0.000000 4.004604 100.580836 -0.028548 -0.224114 -0.011656 
476 59.680053 0.000000 2.407673 100.137243 -0.002991 -0.020357 -0.002747 
477 58.829784 0.000000 2.407673 100.130383 -0.008473 -0.038372 -0.002610 
478 59.680053 0.000000 1.609208 100.083667 -0.010146 -0.020928 -0.001674 
479 60.530321 0.000000 2.407673 100.108603 -0.003460 0.016712 -0.002173 
480 59.254918 0.000000 3.605371 100.209819 -0.000000 -0.012335 -0.004201 
481 58.829784 0.000000 3.605371 100.217576 0.000000 -0.028958 -0.004356 
482 59.254918 0.000000 3.206139 100.173988 -0.000000 -0.024708 -0.003483 
483 59.680053 0.000000 3.605371 100.212662 0.000000 0.014653 -0.004258 
484 59.254918 0.000000 4.004604 100.260153 -0.000000 0.003005 -0.005210 
485 57.979515 0.000000 2.407673 100.189744 -0.005637 -0.090932 -0.003799 
486 57.979515 0.000000 1.609208 100.139470 -0.009726 -0.075743 -0.002792 
487 58.404650 0.000000 3.605371 100.243313 -0.000000 -0.050785 -0.004872 
488 57.979515 0.000000 3.605371 100.267872 -0.000000 -0.086813 -0.005365 
489 58.404650 0.000000 3.206139 100.212806 -0.001060 -0.077962 -0.004261 
490 58.404650 0.000000 4.004604 100.261563 -0.000000 -0.021393 -0.005238 
491 57.554381 0.000000 3.605371 100.276005 -0.000000 -0.095068 -0.005529 
492 57.129246 0.000000 3.605371 100.286855 -0.000000 -0.092972 -0.005746 
493 57.554381 0.000000 3.206139 100.230439 -0.001815 -0.100977 -0.004615 
494 56.704112 0.000000 3.605371 100.305753 0.000000 -0.091546 -0.006125 
495 56.704112 0.000000 3.206139 100.249305 -0.002278 -0.107048 -0.004993 
496 56.704112 0.000000 4.004604 100.332196 -0.000000 -0.064318 -0.006655 
497 56.704112 0.000000 4.403837 100.351939 0.000000 -0.068408 -0.007052 
498 56.278978 0.000000 4.403837 100.371348 0.000000 -0.064808 -0.007441 
499 56.491545 0.000000 3.804988 100.351286 -0.000000 -0.072861 -0.007039 
500 56.278978 0.000000 3.804988 100.366723 -0.000062 -0.067266 -0.007348 
501 56.491545 0.000000 3.605371 100.318619 -0.000478 -0.089191 -0.006383 
502 56.704112 0.000000 3.804988 100.319941 0.000000 -0.053217 -0.006409 
503 56.491545 0.000000 4.004604 100.360838 0.000000 -0.067336 -0.007230 
504 56.704112 0.000000 2.806906 100.200513 -0.006968 -0.085389 -0.004015 
505 56.278978 0.000000 2.806906 100.265127 -0.004226 -0.126741 -0.005311 
506 56.704112 0.000000 2.407673 100.166560 -0.012089 -0.072668 -0.003335 
507 57.129246 0.000000 2.806906 100.194211 -0.006098 -0.085129 -0.003889 
508 56.491545 0.000000 3.405755 100.264108 -0.002346 -0.110283 -0.005290 
509 56.278978 0.000000 3.405755 100.277987 -0.003126 -0.104421 -0.005569 
510 56.491545 0.000000 3.206139 100.251107 -0.003267 -0.106220 -0.005030 
511 56.704112 0.000000 3.405755 100.265293 -0.001441 -0.111798 -0.005314 
512 56.916679 0.000000 3.804988 100.310977 -0.000000 -0.067926 -0.006230 
513 56.916679 0.000000 3.605371 100.288367 -0.000000 -0.100312 -0.005777 
514 57.129246 0.000000 3.804988 100.302388 -0.000000 -0.070604 -0.006057 
515 56.916679 0.000000 4.004604 100.313523 -0.000000 -0.056934 -0.006281 
516 56.597829 0.000000 3.705180 100.331212 -0.000000 -0.077215 -0.006636 
517 56.491545 0.000000 3.705180 100.340930 -0.000110 -0.076249 -0.006831 
518 56.597829 0.000000 3.605371 100.304932 -0.000203 -0.090775 -0.006109 
519 56.704112 0.000000 3.705180 100.314230 0.000000 -0.071024 -0.006295 
520 56.597829 0.000000 3.804988 100.331852 -0.000000 -0.067328 -0.006649 
521 55.853843 0.000000 4.403837 100.390168 0.000000 -0.127077 -0.007820 
522 55.428709 0.000000 4.403837 100.419284 0.000000 -0.113999 -0.008405 
523 55.853843 0.000000 4.803069 100.435751 -0.119116 -0.050103 -0.008736 
524 56.066411 0.000000 3.804988 100.371061 -0.000225 -0.061687 -0.007435 
525 55.853843 0.000000 3.804988 100.348970 -0.001251 -0.081533 -0.006992 
526 56.066411 0.000000 3.605371 100.336134 -0.001395 -0.086062 -0.006735 
527 56.066411 0.000000 4.004604 100.376302 0.000000 -0.054046 -0.007541 
528 54.578440 0.000000 2.407673 100.258283 -0.010879 -0.126725 -0.005174 
529 54.578440 0.000000 1.609208 100.172216 -0.013878 -0.104600 -0.003448 
530 55.853843 0.000000 2.806906 100.233839 -0.011332 -0.090578 -0.004683 
531 55.428709 0.000000 2.806906 100.253271 -0.011003 -0.101168 -0.005073 
532 55.853843 0.000000 2.407673 100.190778 -0.012998 -0.082654 -0.003820 
533 56.066411 0.000000 3.405755 100.285210 -0.004058 -0.103931 -0.005713 
534 55.853843 0.000000 3.405755 100.292928 -0.004952 -0.103475 -0.005868 
535 56.066411 0.000000 3.206139 100.264494 -0.005237 -0.099283 -0.005298 
536 56.172694 0.000000 3.705180 100.356951 -0.000489 -0.072841 -0.007152 
537 56.066411 0.000000 3.705180 100.356252 -0.000825 -0.072482 -0.007138 
538 56.172694 0.000000 3.605371 100.334791 -0.001267 -0.081702 -0.006708 
539 56.278978 0.000000 3.705180 100.355907 -0.000433 -0.071373 -0.007131 
540 56.172694 0.000000 3.804988 100.369449 -0.000149 -0.064844 -0.007403 
541 -288.079842 0.000000 -300.210676 99.936528 0.002097 3.491244 0.000050 
542 -396.914234 0.000000 -300.210676 99.937857 0.001318 3.490838 0.000024 
543 -288.079842 0.000000 -402.414234 99.936292 0.002623 3.490863 0.000055 
544 364.926512 0.000000 -300.210676 99.937325 0.052657 3.459126 0.000056 
545 364.926512 0.000000 -402.414234 99.936666 0.038076 3.472197 0.000061 
546 473.760905 0.000000 -300.210676 99.938749 0.053819 3.460212 0.000027 
547 -124.828253 0.000000 -146.905338 99.929116 0.002695 3.495201 0.000196 
548 -179.245449 0.000000 -146.905338 99.934342 0.002024 3.493547 0.000092 
549 -124.828253 0.000000 -198.007117 99.928112 0.004892 3.493710 0.000217 
550 201.674924 0.000000 -146.905338 99.929325 0.101465 3.363934 0.000280 
551 201.674924 0.000000 -198.007117 99.929184 0.072102 3.418495 0.000247 
552 256.092120 0.000000 -146.905338 99.937701 0.105920 3.371200 0.000108 
553 -43.202459 0.000000 -70.252669 99.899634 0.004954 3.513039 0.000772 
554 -70.411057 0.000000 -70.252669 99.920314 0.002422 3.505592 0.000364 
555 -43.202459 0.000000 -95.803559 99.894785 0.005172 3.506699 0.000874 
556 120.049130 0.000000 -70.252669 99.911154 0.209558 3.033473 0.000852 
557 120.049130 0.000000 -95.803559 99.897624 0.157204 3.211361 0.001013 
558 147.257728 0.000000 -70.252669 99.932173 0.211828 3.045944 0.000424 
559 -2.389562 0.000000 -31.926334 99.785148 -0.031815 3.582541 0.003009 
560 -15.993861 0.000000 -31.926334 99.868810 -0.005942 3.552919 0.001360 
561 -2.389562 0.000000 -44.701779 99.766926 -0.008036 3.559561 0.003389 
562 4.412588 0.000000 -12.763167 99.742622 -0.312426 3.613331 0.003826 
563 -2.389562 0.000000 -12.763167 99.836325 -0.102330 3.613402 0.001964 
564 4.412588 0.000000 -19.150890 99.735697 -0.172930 3.624644 0.003962 
565 79.236232 0.000000 -31.926334 99.799464 0.371448 2.136442 0.003536 
566 79.236232 0.000000 -44.701779 99.776416 0.296999 2.572416 0.003796 
567 92.840531 0.000000 -31.926334 99.895596 0.372590 2.176215 0.001600 
568 31.621186 0.000000 -12.763167 95.792381 0.476855 2.881454 0.081529 
569 31.621186 0.000000 -19.150890 97.149524 0.328293 3.136008 0.055203 
570 4.412588 0.000000 12.787722 100.163558 0.305745 3.608192 -0.004585 
571 -2.389562 0.000000 12.787722 100.059490 0.097319 3.611010 -0.002495 
572 4.412588 0.000000 19.175445 100.166853 0.167000 3.617893 -0.004652 
573 31.621186 0.000000 12.787722 103.795946 -0.537620 2.904193 -0.078232 
574 31.621186 0.000000 19.175445 102.636422 -0.364134 3.094507 -0.054394 
575 21.417961 0.000000 3.206139 100.679345 -0.024342 2.560140 -0.014289 
576 24.819036 0.000000 3.206139 103.693921 -0.203756 2.025015 -0.075657 
577 21.417961 0.000000 6.400000 100.843595 -0.000827 2.100785 -0.017384 
578 41.824410 0.000000 3.206139 102.598864 0.134556 -0.995109 -0.052754 
579 38.423335 0.000000 3.206139 105.333188 0.042519 -0.846953 -0.109580 
580 41.824410 0.000000 6.400000 103.998265 0.000000 -0.892487 -0.081644 
581 72.434083 0.000000 -12.763167 99.809294 0.490865 0.908524 0.003704 
582 72.434083 0.000000 -19.150890 99.763084 0.460518 1.398607 0.004516 
583 79.236232 0.000000 -12.763167 99.893797 0.490704 0.966510 0.002005 
584 41.824410 0.000000 9.593861 103.772824 -1.105886 0.063392 -0.077003 
585 38.423335 0.000000 9.593861 104.787063 -1.286618 0.656459 -0.098241 
586 41.824410 0.000000 12.787722 103.412068 -0.877986 0.710540 -0.069533 
587 69.033008 0.000000 -3.181584 99.825806 -0.000000 0.019375 0.003481 
588 69.033008 0.000000 -6.375445 99.808124 0.404748 0.318727 0.003807 
589 72.434083 0.000000 -3.181584 99.880336 0.228290 0.086783 0.002386 
590 69.033008 0.000000 9.593861 100.345929 -0.173993 0.461759 -0.006955 
591 72.434083 0.000000 9.593861 100.225689 -0.191133 0.469364 -0.004545 
592 69.033008 0.000000 12.787722 100.386794 -0.000000 0.877095 -0.007828 
593 63.931396 0.000000 7.996931 100.424943 -0.000000 0.376975 -0.008531 
594 65.631933 0.000000 7.996931 100.421708 -0.000000 0.416473 -0.008469 
595 63.931396 0.000000 9.593861 100.408046 0.000000 0.502889 -0.008203 
596 63.081127 0.000000 5.601535 100.384563 -0.063170 0.100749 -0.007707 
597 63.931396 0.000000 5.601535 100.377301 -0.068484 0.071210 -0.007561 
598 63.081127 0.000000 6.400000 100.369975 -0.063701 0.186385 -0.007417 
599 61.380590 0.000000 2.407673 100.065823 -0.019342 0.032210 -0.001317 
600 61.380590 0.000000 1.609208 100.013810 -0.009835 0.012649 -0.000276 
601 62.230859 0.000000 2.407673 100.020421 -0.041989 0.014245 -0.000409 
602 60.105187 0.000000 3.605371 100.181113 -0.000000 0.031652 -0.003626 
603 60.105187 0.000000 3.206139 100.167901 -0.000000 0.024097 -0.003361 
604 60.530321 0.000000 3.605371 100.182952 -0.016337 0.054045 -0.003663 
605 59.254918 0.000000 4.403837 100.272731 -0.000000 -0.000583 -0.005462 
606 58.829784 0.000000 4.403837 100.265304 0.000000 -0.005207 -0.005313 
607 61.380590 0.000000 7.198465 100.348867 0.000000 0.287714 -0.006998 
608 62.230859 0.000000 7.198465 100.359009 -0.034732 0.246417 -0.007199 
609 61.380590 0.000000 7.996931 100.379170 0.000000 0.367415 -0.007611 
610 59.254918 0.000000 6.000767 100.334408 -0.000000 0.124462 -0.006701 
611 58.829784 0.000000 6.000767 100.344695 -0.000000 0.086633 -0.006907 
612 59.254918 0.000000 6.400000 100.349987 -0.000000 0.174215 -0.007015 
613 60.955456 0.000000 5.202302 100.248313 -0.041337 0.112988 -0.004974 
614 61.380590 0.000000 5.202302 100.264611 -0.050960 0.119385 -0.005301 
615 60.955456 0.000000 5.601535 100.260951 -0.038033 0.122922 -0.005227 
616 60.955456 0.000000 6.000767 100.303678 -0.033090 0.172016 -0.006086 
617 61.380590 0.000000 6.000767 100.309265 -0.051593 0.168100 -0.006198 
618 60.955456 0.000000 6.400000 100.311143 -0.014150 0.218609 -0.006237 
619 58.404650 0.000000 5.202302 100.326545 -0.488878 0.011157 -0.006565 
620 58.404650 0.000000 4.803069 100.303421 -0.183730 -0.000204 -0.006081 
621 58.404650 0.000000 5.601535 100.341162 -0.637303 0.028171 -0.006876 
622 58.404650 0.000000 6.000767 100.377204 -0.000000 0.084922 -0.007559 
623 58.404650 0.000000 6.400000 100.404050 0.000000 0.133477 -0.008099 
624 60.955456 0.000000 3.605371 100.181611 -0.024488 0.068406 -0.003636 
625 60.955456 0.000000 3.206139 100.158900 -0.015660 0.061424 -0.003181 
626 61.380590 0.000000 3.605371 100.159739 -0.031220 0.089655 -0.003198 
627 54.578440 0.000000 5.601535 100.527539 0.000000 -0.098742 -0.010580 
628 53.728172 0.000000 5.601535 100.585148 0.000000 -0.158228 -0.011740 
629 54.578440 0.000000 6.400000 100.570056 0.000000 -0.038505 -0.011434 
630 52.877903 0.000000 5.601535 100.640213 0.000000 -0.196775 -0.012849 
631 52.027634 0.000000 5.601535 100.664843 0.000000 -0.255238 -0.013348 
632 52.877903 0.000000 6.400000 100.629794 0.000000 -0.165851 -0.012638 
633 55.853843 0.000000 5.202302 100.444002 -0.160839 -0.019652 -0.008902 
634 55.428709 0.000000 5.202302 100.476376 -0.192481 -0.022491 -0.009554 
635 55.853843 0.000000 5.601535 100.461681 -0.147303 -0.027016 -0.009257 
636 55.853843 0.000000 6.000767 100.524002 0.000000 -0.034627 -0.010508 
637 55.428709 0.000000 6.000767 100.529538 0.000000 -0.034093 -0.010619 
638 55.853843 0.000000 6.400000 100.533451 0.000000 0.016402 -0.010698 
639 58.404650 0.000000 4.403837 100.267712 -0.000000 -0.020227 -0.005361 
640 56.916679 0.000000 5.002686 100.365608 -0.054834 0.002096 -0.007326 
641 56.704112 0.000000 5.002686 100.376974 -0.075544 -0.020856 -0.007554 
642 56.916679 0.000000 4.803069 100.348240 -0.031455 -0.025306 -0.006977 
643 50.327097 0.000000 7.996931 100.926502 0.000000 -0.351559 -0.018628 
644 48.626560 0.000000 7.996931 101.039835 0.000000 -0.418571 -0.020922 
645 50.327097 0.000000 9.593861 101.321315 -0.665806 0.058102 -0.026646 
646 54.578440 0.000000 7.198465 100.571486 0.000000 0.011336 -0.011462 
647 53.728172 0.000000 7.198465 100.574988 0.000000 -0.037581 -0.011533 
648 54.578440 0.000000 7.996931 100.603435 0.000000 0.093772 -0.012106 
649 51.177366 0.000000 5.601535 100.716919 0.000000 -0.302462 -0.014399 
650 50.327097 0.000000 5.601535 100.800174 0.000000 -0.343814 -0.016079 
651 51.177366 0.000000 6.400000 100.745381 0.000000 -0.280132 -0.014971 
652 52.452769 0.000000 3.605371 100.483639 -0.020415 -0.178705 -0.009699 
653 52.452769 0.000000 3.206139 100.375368 -0.033618 -0.154937 -0.007524 
654 52.452769 0.000000 4.004604 100.553405 -0.001041 -0.208151 -0.011103 
655 57.554381 0.000000 2.806906 100.206159 -0.004909 -0.092245 -0.004128 
656 57.554381 0.000000 2.407673 100.174283 -0.008425 -0.080977 -0.003489 
657 57.979515 0.000000 2.806906 100.215676 -0.002883 -0.096310 -0.004319 
658 56.916679 0.000000 3.405755 100.272187 -0.000040 -0.119807 -0.005453 
659 56.916679 0.000000 3.206139 100.238499 -0.001783 -0.102709 -0.004777 
660 57.129246 0.000000 3.405755 100.269321 -0.000000 -0.118677 -0.005395 
661 56.385261 0.000000 3.705180 100.346915 -0.000291 -0.079015 -0.006951 
662 56.385261 0.000000 3.605371 100.323697 -0.000920 -0.093008 -0.006485 
663 56.385261 0.000000 3.804988 100.365863 0.000000 -0.068134 -0.007331 
664 63.081127 0.000000 2.407673 99.959287 -0.051117 -0.003112 0.000814 
665 63.081127 0.000000 1.609208 99.933265 -0.039062 -0.003700 0.001334 
666 63.931396 0.000000 2.407673 99.863358 -0.032541 -0.029062 0.002731 
667 52.877903 0.000000 7.198465 100.601504 0.000000 -0.089298 -0.012067 
668 52.027634 0.000000 7.198465 100.695267 0.000000 -0.173641 -0.013957 
669 52.877903 0.000000 7.996931 100.623806 0.000000 -0.006691 -0.012515 
670 58.404650 0.000000 2.806906 100.190929 -0.003963 -0.071978 -0.003823 
671 58.404650 0.000000 2.407673 100.159473 -0.008268 -0.062551 -0.003192 
672 58.829784 0.000000 2.806906 100.148529 -0.005225 -0.042277 -0.002973 
673 63.081127 0.000000 7.198465 100.374222 -0.051866 0.233794 -0.007504 
674 63.931396 0.000000 7.198465 100.356388 -0.077738 0.207033 -0.007145 
675 63.081127 0.000000 7.996931 100.406135 -0.000000 0.375129 -0.008153 
676 51.177366 0.000000 7.198465 100.828131 0.000000 -0.289398 -0.016640 
677 50.327097 0.000000 7.198465 100.900848 0.000000 -0.330894 -0.018109 
678 51.177366 0.000000 7.996931 100.826109 0.000000 -0.293255 -0.016599 
679 59.254918 0.000000 2.806906 100.140629 -0.004060 -0.028143 -0.002815 
680 59.254918 0.000000 2.407673 100.123482 -0.007237 -0.025646 -0.002471 
681 59.680053 0.000000 2.806906 100.168354 -0.000541 -0.014437 -0.003370 
1 19 21 9 22 
2 20 19 22 4 
3 28 29 3 30 
4 21 28 30 9 
5 35 37 21 38 
6 36 35 38 19 
7 44 45 28 46 
8 37 44 46 21 
9 51 53 37 54 
10 52 51 54 35 
11 11 62 60 61 
12 62 10 24 60 
13 60 24 14 63 
14 61 60 63 6 
15 24 66 64 65 
16 66 23 40 64 
17 64 40 27 67 
18 65 64 67 14 
19 40 70 68 69 
20 70 39 56 68 
21 68 56 43 71 
22 69 68 71 27 
23 72 73 44 74 
24 53 72 74 37 
25 75 77 53 78 
26 76 75 78 51 
27 56 81 79 80 
28 80 79 83 43 
29 6 63 92 93 
30 63 14 36 92 
31 92 36 19 94 
32 93 92 94 20 
33 14 67 95 96 
34 67 27 52 95 
35 95 52 35 97 
36 96 95 97 36 
37 27 71 98 99 
38 71 43 76 98 
39 98 76 51 100 
40 99 98 100 52 
41 43 83 101 102 
42 101 103 75 104 
43 102 101 104 76 
44 79 107 105 106 
45 107 82 108 105 
46 105 108 59 109 
47 106 105 109 83 
48 110 111 72 112 
49 77 110 112 53 
50 113 114 77 115 
51 103 113 115 75 
52 12 122 120 121 
53 122 7 123 120 
54 120 123 13 25 
55 121 120 25 10 
56 25 126 124 125 
57 126 13 127 124 
58 124 127 26 41 
59 125 124 41 23 
60 41 130 128 129 
61 130 26 131 128 
62 128 131 42 57 
63 129 128 57 39 
64 57 134 132 133 
65 134 42 135 132 
66 132 135 58 89 
67 133 132 89 55 
68 55 138 136 137 
69 138 89 139 136 
70 136 139 88 117 
71 137 136 117 82 
72 82 142 140 141 
73 142 117 143 140 
74 140 143 116 144 
75 141 140 144 108 
76 59 119 145 146 
77 119 91 147 145 
78 145 147 113 148 
79 146 145 148 103 
80 108 144 149 150 
81 144 116 151 149 
82 149 151 119 152 
83 150 149 152 59 
84 88 158 157 118 
85 158 90 159 157 
86 157 159 5 160 
87 118 157 160 91 
88 161 162 110 163 
89 114 161 163 77 
90 7 169 168 123 
91 169 16 170 168 
92 168 170 15 32 
93 123 168 32 13 
94 13 172 171 127 
95 172 32 173 171 
96 171 173 31 48 
97 127 171 48 26 
98 26 175 174 131 
99 175 48 176 174 
100 174 176 47 85 
101 131 174 85 42 
102 42 178 177 135 
103 178 85 179 177 
104 177 179 84 154 
105 135 177 154 58 
106 58 182 180 181 
107 182 154 183 180 
108 180 183 153 165 
109 181 180 165 90 
110 15 185 184 33 
111 185 17 186 184 
112 184 186 8 187 
113 33 184 187 18 
114 31 189 188 49 
115 189 33 190 188 
116 188 190 18 191 
117 49 188 191 34 
118 47 193 192 86 
119 193 49 194 192 
120 192 194 34 195 
121 86 192 195 50 
122 197 86 198 196 
123 196 198 50 199 
124 165 206 204 205 
125 206 153 207 204 
126 204 207 166 208 
127 205 204 208 164 
128 209 211 161 212 
129 210 209 212 114 
130 164 208 213 214 
131 214 213 216 167 
132 90 219 217 218 
133 219 165 205 217 
134 217 205 164 220 
135 218 217 220 159 
136 117 222 221 143 
137 222 88 223 221 
138 221 223 118 224 
139 143 221 224 116 
140 18 187 225 45 
141 187 8 226 225 
142 225 226 29 227 
143 45 225 227 28 
144 34 191 228 73 
145 191 18 229 228 
146 228 229 45 230 
147 73 228 230 44 
148 50 195 231 111 
149 195 34 232 231 
150 231 232 73 233 
151 111 231 233 72 
152 199 50 235 234 
153 234 235 111 236 
154 162 234 236 110 
155 238 196 239 237 
156 237 239 199 240 
157 241 242 162 243 
158 211 241 243 161 
159 240 199 250 249 
160 249 250 234 251 
161 242 249 251 162 
162 202 253 252 247 
163 253 237 254 252 
164 252 254 240 255 
165 247 252 255 87 
166 256 258 242 259 
167 257 256 259 241 
168 262 247 263 260 
169 260 263 87 264 
170 154 273 272 183 
171 273 84 274 272 
172 272 274 155 201 
173 183 272 201 153 
174 201 277 275 276 
175 277 155 278 275 
176 275 278 202 246 
177 276 275 246 200 
178 246 281 279 280 
179 281 202 282 279 
180 279 282 247 262 
181 244 285 283 284 
182 285 262 286 283 
183 283 286 260 287 
184 284 283 287 261 
185 288 257 241 290 
186 289 288 290 211 
187 200 297 295 296 
188 297 246 280 295 
189 303 305 256 306 
190 304 303 306 257 
191 312 261 313 311 
192 311 313 248 314 
193 302 317 315 316 
194 317 268 318 315 
195 315 318 309 319 
196 320 304 257 322 
197 321 320 322 288 
198 269 329 327 328 
199 329 302 316 327 
200 327 316 307 330 
201 328 327 330 308 
202 203 310 331 332 
203 310 271 333 331 
204 331 333 303 334 
205 332 331 334 304 
206 307 319 335 336 
207 319 309 337 335 
208 335 337 271 338 
209 336 335 338 310 
210 316 341 339 340 
211 341 315 342 339 
212 339 342 319 343 
213 340 339 343 307 
214 345 244 284 344 
215 344 284 261 312 
216 298 348 346 347 
217 348 301 349 346 
218 347 346 317 302 
219 301 351 350 349 
220 351 344 352 350 
221 350 352 312 353 
222 349 350 353 268 
223 346 356 354 355 
224 356 349 357 354 
225 354 357 268 358 
226 355 354 358 317 
227 153 368 367 207 
228 368 201 276 367 
229 367 276 200 266 
230 207 367 266 166 
231 266 371 369 370 
232 371 200 296 369 
233 377 325 378 375 
234 375 378 323 379 
235 365 385 383 384 
236 384 383 386 363 
237 294 326 387 388 
238 326 203 332 387 
239 387 332 304 389 
240 388 387 389 320 
241 324 379 390 391 
242 379 323 392 390 
243 390 392 326 393 
244 391 390 393 294 
245 396 375 397 394 
246 394 397 379 398 
247 395 394 398 324 
248 167 216 399 400 
249 399 289 211 401 
250 400 399 401 209 
251 402 321 288 404 
252 403 402 404 289 
253 267 366 405 406 
254 366 294 388 405 
255 405 388 320 407 
256 406 405 407 321 
257 363 386 408 409 
258 386 324 391 408 
259 408 391 294 410 
260 409 408 410 366 
261 383 413 411 412 
262 413 376 395 411 
263 411 395 324 414 
264 412 411 414 386 
265 373 417 415 416 
266 417 372 418 415 
267 415 418 325 377 
268 416 415 377 291 
269 291 421 419 420 
270 421 377 422 419 
271 419 422 375 396 
272 420 419 396 376 
273 376 425 423 424 
274 425 396 426 423 
275 423 426 394 427 
276 424 423 427 395 
277 166 430 428 429 
278 430 266 370 428 
279 361 433 431 432 
280 433 265 381 431 
281 431 381 292 434 
282 432 431 434 359 
283 370 437 435 436 
284 437 369 438 435 
285 265 441 439 440 
286 440 439 443 381 
287 213 446 444 445 
288 445 444 447 216 
289 448 432 359 451 
290 449 448 451 360 
291 208 454 452 453 
292 454 166 429 452 
293 453 452 446 213 
294 429 457 455 456 
295 457 428 458 455 
296 455 458 361 450 
297 456 455 450 215 
298 450 461 459 460 
299 461 361 462 459 
300 459 462 432 463 
301 460 459 463 448 
302 446 466 464 465 
303 464 449 360 467 
304 465 464 467 444 
305 452 470 468 469 
306 470 429 456 468 
307 468 456 215 466 
308 469 468 466 446 
309 466 473 471 472 
310 473 215 474 471 
311 471 474 449 475 
312 472 471 475 464 
313 296 478 476 477 
314 478 295 479 476 
315 476 479 270 300 
316 245 482 480 481 
317 482 300 483 480 
318 480 483 298 484 
319 481 480 484 299 
320 369 486 485 438 
321 486 296 477 485 
322 374 489 487 488 
323 489 245 481 487 
324 487 481 299 490 
325 488 487 490 372 
326 293 493 491 492 
327 493 374 488 491 
328 491 488 372 417 
329 492 491 417 373 
330 380 496 497 498 
331 496 373 416 497 
332 497 416 291 385 
333 498 497 385 365 
334 499 502 496 503 
335 500 499 503 380 
336 435 506 504 505 
337 506 438 507 504 
338 504 507 293 495 
339 505 504 495 382 
340 382 510 508 509 
341 510 495 511 508 
342 508 511 494 501 
343 509 508 501 442 
344 494 513 512 502 
345 513 492 514 512 
346 512 514 373 515 
347 502 512 515 496 
348 501 518 516 517 
349 518 494 519 516 
350 516 519 502 520 
351 517 516 520 499 
352 381 443 521 522 
353 443 380 498 521 
354 521 498 365 523 
355 522 521 523 292 
356 439 526 524 525 
357 524 500 380 527 
358 525 524 527 443 
359 428 529 528 458 
360 529 370 436 528 
361 528 436 265 433 
362 458 528 433 361 
363 436 532 530 531 
364 532 435 505 530 
365 530 505 382 441 
366 531 530 441 265 
367 441 535 533 534 
368 535 382 509 533 
369 533 509 442 526 
370 534 533 526 439 
371 526 538 536 537 
372 538 442 539 536 
373 536 539 500 540 
374 537 536 540 524 
375 1 543 541 542 
376 543 12 121 541 
377 541 121 10 62 
378 542 541 62 11 
379 16 545 544 170 
380 545 2 546 544 
381 544 546 17 185 
382 170 544 185 15 
383 10 549 547 548 
384 549 25 125 547 
385 547 125 23 66 
386 548 547 66 24 
387 32 551 550 173 
388 551 15 552 550 
389 550 552 33 189 
390 173 550 189 31 
391 23 555 553 554 
392 555 41 129 553 
393 553 129 39 70 
394 554 553 70 40 
395 48 557 556 176 
396 557 31 558 556 
397 556 558 49 193 
398 176 556 193 47 
399 39 561 559 560 
400 561 57 133 559 
401 559 133 55 81 
402 560 559 81 56 
403 81 564 562 563 
404 564 55 137 562 
405 562 137 82 107 
406 563 562 107 79 
407 85 566 565 179 
408 566 47 567 565 
409 565 567 86 197 
410 179 565 197 84 
411 89 569 568 139 
412 569 58 181 568 
413 568 181 90 158 
414 139 568 158 88 
415 83 109 570 571 
416 109 59 146 570 
417 570 146 103 572 
418 571 570 572 101 
419 91 160 573 147 
420 160 5 210 573 
421 573 210 114 574 
422 147 573 574 113 
423 116 224 575 151 
424 224 118 576 575 
425 575 576 91 577 
426 151 575 577 119 
427 159 220 578 579 
428 220 164 214 578 
429 578 214 167 580 
430 579 578 580 5 
431 84 582 581 274 
432 582 197 583 581 
433 581 583 196 238 
434 274 581 238 155 
435 5 580 584 585 
436 580 167 400 584 
437 584 400 209 586 
438 585 584 586 210 
439 155 588 587 278 
440 588 238 589 587 
441 587 589 237 253 
442 278 587 253 202 
443 87 255 590 258 
444 255 240 591 590 
445 590 591 249 592 
446 258 590 592 242 
447 264 87 594 593 
448 593 594 258 595 
449 305 593 595 256 
450 261 287 596 313 
451 287 260 597 596 
452 596 597 264 598 
453 313 596 598 248 
454 295 600 599 479 
455 600 280 601 599 
456 599 601 244 345 
457 479 599 345 270 
458 300 603 602 483 
459 603 270 604 602 
460 602 604 301 348 
461 483 602 348 298 
462 299 484 605 606 
463 484 298 347 605 
464 605 347 302 329 
465 606 605 329 269 
466 271 314 607 333 
467 314 248 608 607 
468 607 608 305 609 
469 333 607 609 303 
470 308 330 610 611 
471 330 307 336 610 
472 610 336 310 612 
473 611 610 612 203 
474 268 353 613 318 
475 353 312 614 613 
476 613 614 311 615 
477 318 613 615 309 
478 309 615 616 337 
479 615 311 617 616 
480 616 617 314 618 
481 337 616 618 271 
482 325 620 619 378 
483 620 269 328 619 
484 619 328 308 621 
485 378 619 621 323 
486 323 621 622 392 
487 621 308 611 622 
488 622 611 203 623 
489 392 622 623 326 
490 270 625 624 604 
491 625 345 626 624 
492 624 626 344 351 
493 604 624 351 301 
494 359 434 627 628 
495 434 292 364 627 
496 627 364 267 629 
497 628 627 629 362 
498 360 451 630 631 
499 451 359 628 630 
500 630 628 362 632 
501 631 630 632 156 
502 292 523 633 634 
503 523 365 384 633 
504 633 384 363 635 
505 634 633 635 364 
506 364 635 636 637 
507 635 363 409 636 
508 636 409 366 638 
509 637 636 638 267 
510 372 490 639 418 
511 490 299 606 639 
512 639 606 269 620 
513 418 639 620 325 
514 385 642 640 641 
515 642 291 420 640 
516 640 420 376 413 
517 641 640 413 383 
518 216 447 643 644 
519 643 403 289 645 
520 644 643 645 399 
521 362 629 646 647 
522 629 267 406 646 
523 646 406 321 648 
524 647 646 648 402 
525 444 467 649 650 
526 467 360 631 649 
527 649 631 156 651 
528 650 649 651 447 
529 215 653 652 474 
530 653 450 460 652 
531 652 460 448 654 
532 474 652 654 449 
533 438 656 655 507 
534 656 485 657 655 
535 655 657 374 493 
536 507 655 493 293 
537 495 659 658 511 
538 659 293 660 658 
539 658 660 492 513 
540 511 658 513 494 
541 442 662 661 539 
542 662 501 517 661 
543 661 517 499 663 
544 539 661 663 500 
545 280 665 664 601 
546 665 279 666 664 
547 664 666 262 285 
548 601 664 285 244 
549 156 632 667 668 
550 632 362 647 667 
551 667 647 402 669 
552 668 667 669 403 
553 485 671 670 657 
554 671 477 672 670 
555 670 672 245 489 
556 657 670 489 374 
557 248 598 673 608 
558 598 264 674 673 
559 673 674 593 675 
560 608 673 675 305 
561 447 651 676 677 
562 651 156 668 676 
563 676 668 403 678 
564 677 676 678 643 
565 477 680 679 672 
566 680 476 681 679 
567 679 681 300 482 
568 672 679 482 245 
