2 0.000000 100.000000 205.462523
681 568 
1 -396.914234 0.000000 -402.414234 99.023151 0.000851 13.919308 0.000067 
2 473.760905 0.000000 -402.414234 99.027393 0.027390 13.879147 0.000094 
3 473.760905 0.000000 415.214234 99.039261 -0.036605 13.854166 -0.000071 
4 -396.914234 0.000000 415.214234 99.031165 -0.001356 13.919174 -0.000091 
5 38.423335 0.000000 6.400000 111.186602 0.118385 1.455020 -0.236459 
6 -396.914234 0.000000 6.400000 99.027273 -0.000258 13.920472 -0.000018 
7 38.423335 0.000000 -402.414234 98.981968 0.008393 13.896151 0.000947 
8 473.760905 0.000000 6.400000 99.302095 0.241826 11.953990 -0.000386 
9 38.423335 0.000000 415.214234 99.075053 -0.010396 13.894273 -0.000892 
10 -179.245449 0.000000 -198.007117 99.012488 0.000469 13.925442 0.000261 
11 -396.914234 0.000000 -198.007117 99.024699 0.000320 13.920135 0.000034 
12 -179.245449 0.000000 -402.414234 99.011681 0.001889 13.919679 0.000293 
13 38.423335 0.000000 -198.007117 98.824434 0.000419 13.833098 0.004238 
14 -179.245449 0.000000 6.400000 99.029061 -0.000331 13.932998 -0.000088 
15 256.092120 0.000000 -198.007117 99.029013 0.053831 13.762333 0.000385 
16 256.092120 0.000000 -402.414234 99.014757 0.023804 13.874135 0.000359 
17 473.760905 0.000000 -198.007117 99.039960 0.052352 13.799485 0.000066 
18 256.092120 0.000000 6.400000 99.776756 0.440049 8.562579 -0.002891 
19 -179.245449 0.000000 210.807117 99.044049 -0.001339 13.924694 -0.000362 
20 -396.914234 0.000000 210.807117 99.029775 -0.000834 13.920046 -0.000066 
21 38.423335 0.000000 210.807117 99.228678 -0.004673 13.830906 -0.003762 
22 -179.245449 0.000000 415.214234 99.043493 -0.002743 13.919067 -0.000335 
23 -70.411057 0.000000 -95.803559 98.968257 -0.004652 13.953120 0.001059 
24 -179.245449 0.000000 -95.803559 99.018698 0.000489 13.928688 0.000129 
25 -70.411057 0.000000 -198.007117 98.966722 -0.002490 13.927516 0.001161 
26 38.423335 0.000000 -95.803559 98.254857 0.040994 13.588586 0.016133 
27 -70.411057 0.000000 6.400000 99.038104 0.000214 13.970671 -0.000373 
28 256.092120 0.000000 210.807117 99.074687 -0.068484 13.681310 -0.000298 
29 473.760905 0.000000 210.807117 99.074889 -0.087568 13.589248 -0.000051 
30 256.092120 0.000000 415.214234 99.049693 -0.028511 13.863477 -0.000304 
31 147.257728 0.000000 -95.803559 99.032256 0.109143 13.293448 0.001588 
32 147.257728 0.000000 -198.007117 98.965992 0.038541 13.736361 0.001704 
33 256.092120 0.000000 -95.803559 99.078758 0.104979 13.441609 0.000271 
34 147.257728 0.000000 6.400000 100.422193 0.347334 3.913686 -0.010005 
35 -70.411057 0.000000 108.603559 99.098154 0.003308 13.948192 -0.001500 
36 -179.245449 0.000000 108.603559 99.038735 -0.001371 13.928162 -0.000266 
37 38.423335 0.000000 108.603559 99.688585 -0.040316 13.626769 -0.012350 
38 -70.411057 0.000000 210.807117 99.091810 0.001016 13.924177 -0.001307 
39 -15.993861 0.000000 -44.701779 98.794183 -0.059625 14.062717 0.004195 
40 -70.411057 0.000000 -44.701779 98.995112 -0.003051 13.966195 0.000491 
41 -15.993861 0.000000 -95.803559 98.777134 -0.021267 13.965632 0.004804 
42 38.423335 0.000000 -44.701779 96.509230 0.097840 12.778699 0.052266 
43 -15.993861 0.000000 6.400000 99.099665 0.023890 14.133882 -0.002051 
44 147.257728 0.000000 108.603559 99.201867 -0.118380 13.118449 -0.001312 
45 256.092120 0.000000 108.603559 99.182682 -0.153810 12.866752 -0.000278 
46 147.257728 0.000000 210.807117 99.117253 -0.045320 13.715309 -0.001234 
47 92.840531 0.000000 -44.701779 98.957387 0.220823 11.709829 0.007027 
48 92.840531 0.000000 -95.803559 98.802581 0.103734 13.222553 0.006320 
49 147.257728 0.000000 -44.701779 99.214796 0.218455 12.162236 0.000846 
50 92.840531 0.000000 6.400000 100.086237 -1.054050 3.097847 -0.002796 
51 -15.993861 0.000000 57.501779 99.329713 0.042363 14.038088 -0.006346 
52 -70.411057 0.000000 57.501779 99.077639 0.003321 13.962862 -0.001134 
53 38.423335 0.000000 57.501779 100.977283 -0.060661 13.070270 -0.036725 
54 -15.993861 0.000000 108.603559 99.285135 0.013579 13.943570 -0.005196 
55 11.214737 0.000000 -19.150890 98.058422 -1.057711 14.383075 0.017655 
56 -15.993861 0.000000 -19.150890 98.907454 -0.063304 14.117491 0.001801 
57 11.214737 0.000000 -44.701779 98.022704 -0.198703 14.105005 0.019256 
58 38.423335 0.000000 -19.150890 91.944241 0.416732 9.930644 0.144747 
59 11.214737 0.000000 6.400000 99.878051 0.000000 10.782852 -0.009190 
60 -288.079842 0.000000 -95.803559 99.024503 0.000068 13.922680 0.000031 
61 -396.914234 0.000000 -95.803559 99.025908 0.000033 13.920395 0.000009 
62 -288.079842 0.000000 -198.007117 99.021945 0.000466 13.921909 0.000083 
63 -288.079842 0.000000 6.400000 99.027676 -0.000319 13.922928 -0.000033 
64 -124.828253 0.000000 -44.701779 99.017194 -0.000806 13.942831 0.000119 
65 -179.245449 0.000000 -44.701779 99.023530 -0.000298 13.929689 0.000030 
66 -124.828253 0.000000 -95.803559 99.005795 -0.001029 13.939473 0.000354 
67 -124.828253 0.000000 6.400000 99.030999 -0.000332 13.940984 -0.000149 
68 -43.202459 0.000000 -19.150890 98.994219 -0.006523 14.018471 0.000363 
69 -70.411057 0.000000 -19.150890 99.015576 -0.002360 13.969866 0.000076 
70 -43.202459 0.000000 -44.701779 98.948983 -0.010762 14.003101 0.001301 
71 -43.202459 0.000000 6.400000 99.050625 0.001096 14.019407 -0.000757 
72 92.840531 0.000000 57.501779 99.598279 -0.193639 11.750208 -0.005792 
73 147.257728 0.000000 57.501779 99.423939 -0.233716 11.341791 -0.001381 
74 92.840531 0.000000 108.603559 99.379782 -0.099390 13.223884 -0.005122 
75 11.214737 0.000000 31.950890 100.175561 0.425667 14.202139 -0.023703 
76 -15.993861 0.000000 31.950890 99.266066 0.066131 14.103035 -0.005265 
77 38.423335 0.000000 31.950890 103.412047 -0.202383 11.936739 -0.083658 
78 11.214737 0.000000 57.501779 100.014772 0.097840 13.990079 -0.019869 
79 -2.389562 0.000000 -6.375445 98.748244 -0.458529 14.333266 0.004313 
80 -15.993861 0.000000 -6.375445 98.997693 -0.029147 14.135146 -0.000035 
81 -2.389562 0.000000 -19.150890 98.675398 -0.361860 14.230050 0.006054 
82 11.214737 0.000000 -6.375445 98.490550 0.000000 10.790313 0.018318 
83 -2.389562 0.000000 6.400000 99.386190 0.453128 14.328542 -0.008313 
84 65.631933 0.000000 -19.150890 98.069892 0.188946 8.612580 0.030808 
85 65.631933 0.000000 -44.701779 98.108051 0.169823 11.620439 0.023975 
86 92.840531 0.000000 -19.150890 99.352501 0.389403 8.972747 0.004842 
87 65.631933 0.000000 6.400000 102.551359 0.330607 1.454871 -0.051901 
88 24.819036 0.000000 -6.375445 91.922344 -0.156201 6.819624 0.150375 
89 24.819036 0.000000 -19.150890 94.432545 -0.549450 14.471491 0.087277 
90 38.423335 0.000000 -6.375445 92.396434 0.326952 -2.459240 0.145674 
91 24.819036 0.000000 6.400000 109.975979 -0.108903 11.242337 -0.222112 
92 -288.079842 0.000000 108.603559 99.030779 -0.000709 13.922550 -0.000093 
93 -396.914234 0.000000 108.603559 99.028618 -0.000549 13.920347 -0.000044 
94 -288.079842 0.000000 210.807117 99.033155 -0.001110 13.921685 -0.000138 
95 -124.828253 0.000000 57.501779 99.044597 0.000207 13.941930 -0.000421 
96 -179.245449 0.000000 57.501779 99.034233 -0.000337 13.929399 -0.000181 
97 -124.828253 0.000000 108.603559 99.054756 0.000262 13.937914 -0.000611 
98 -43.202459 0.000000 31.950890 99.103645 0.007226 14.012730 -0.001789 
99 -70.411057 0.000000 31.950890 99.059708 0.002750 13.967818 -0.000793 
100 -43.202459 0.000000 57.501779 99.141323 0.010666 13.995823 -0.002489 
101 -2.389562 0.000000 19.175445 99.450502 0.356445 14.219040 -0.009271 
102 -15.993861 0.000000 19.175445 99.188370 0.058297 14.115157 -0.003757 
103 11.214737 0.000000 19.175445 100.141744 1.050177 14.325355 -0.023469 
104 -2.389562 0.000000 31.950890 99.518476 0.218749 14.160340 -0.010449 
105 4.412588 0.000000 0.012278 99.142623 -0.000796 2.187278 0.016596 
106 -2.389562 0.000000 0.012278 99.068795 -0.001217 14.444252 -0.002326 
107 4.412588 0.000000 -6.375445 97.947202 -2.959940 13.647198 0.021134 
108 11.214737 0.000000 0.012278 99.168776 -0.000349 3.052031 0.015624 
109 4.412588 0.000000 6.400000 100.227080 2.938859 13.642671 -0.024023 
110 65.631933 0.000000 31.950890 100.865663 -0.178665 9.893600 -0.027180 
111 92.840531 0.000000 31.950890 99.821019 -0.283025 9.263232 -0.005012 
112 65.631933 0.000000 57.501779 100.218980 -0.147866 12.054846 -0.018919 
113 24.819036 0.000000 19.175445 103.498637 0.547162 14.227394 -0.091469 
114 38.423335 0.000000 19.175445 106.532082 -0.442095 9.985654 -0.144899 
115 24.819036 0.000000 31.950890 102.009073 0.188251 13.847916 -0.059765 
116 18.016887 0.000000 0.012278 99.542851 -0.006916 4.071781 0.007464 
117 18.016887 0.000000 -6.375445 98.647702 0.000000 10.263267 0.016330 
118 24.819036 0.000000 0.012278 109.872680 -0.221188 2.667689 -0.207917 
119 18.016887 0.000000 6.400000 100.444365 0.000000 10.029417 -0.018966 
120 -70.411057 0.000000 -300.210676 98.982234 0.001804 13.917607 0.000882 
121 -179.245449 0.000000 -300.210676 99.010751 0.001215 13.922122 0.000305 
122 -70.411057 0.000000 -402.414234 98.995268 0.003414 13.914512 0.000632 
123 38.423335 0.000000 -300.210676 98.946717 0.008107 13.880099 0.001689 
124 -15.993861 0.000000 -146.905338 98.840654 -0.009920 13.922313 0.003669 
125 -70.411057 0.000000 -146.905338 98.956221 -0.004119 13.942121 0.001328 
126 -15.993861 0.000000 -198.007117 98.886469 -0.004622 13.910238 0.002797 
127 38.423335 0.000000 -146.905338 98.690168 -0.001178 13.770440 0.007063 
128 11.214737 0.000000 -70.252669 98.265255 -0.053483 13.936954 0.014970 
129 -15.993861 0.000000 -70.252669 98.746426 -0.036648 14.017559 0.005265 
130 11.214737 0.000000 -95.803559 98.480467 -0.016628 13.887176 0.010874 
131 38.423335 0.000000 -70.252669 97.740561 0.053570 13.347756 0.026862 
132 24.819036 0.000000 -31.926334 96.099122 -0.198115 13.949546 0.057033 
133 11.214737 0.000000 -31.926334 97.969518 -0.433136 14.249203 0.019875 
134 24.819036 0.000000 -44.701779 97.002117 -0.084179 13.775371 0.040082 
135 38.423335 0.000000 -31.926334 94.943944 0.200951 12.018492 0.084116 
136 18.016887 0.000000 -12.763167 97.267035 -1.964225 14.755853 0.031753 
137 11.214737 0.000000 -12.763167 98.203156 -1.892705 14.297469 0.014814 
138 18.016887 0.000000 -19.150890 97.050931 -1.031773 14.632510 0.036594 
139 24.819036 0.000000 -12.763167 92.999283 -1.004183 15.024141 0.112440 
140 14.615812 0.000000 -3.181584 98.737933 -0.000080 8.053247 0.018597 
141 11.214737 0.000000 -3.181584 98.716182 -0.000025 6.976091 0.020645 
142 14.615812 0.000000 -6.375445 98.602895 0.000000 9.663500 0.018409 
143 18.016887 0.000000 -3.181584 99.276479 -0.006950 4.106430 0.012732 
144 14.615812 0.000000 0.012278 99.288386 -0.001200 2.619349 0.013496 
145 18.016887 0.000000 12.787722 101.069049 1.958775 14.565738 -0.043095 
146 11.214737 0.000000 12.787722 100.038740 1.882163 14.247024 -0.021427 
147 24.819036 0.000000 12.787722 104.638118 1.001059 14.599857 -0.116329 
148 18.016887 0.000000 19.175445 101.155250 1.023672 14.482655 -0.044318 
149 14.615812 0.000000 3.206139 99.764933 -0.000079 8.053192 -0.001790 
150 11.214737 0.000000 3.206139 99.643083 -0.000025 7.208145 0.001930 
151 18.016887 0.000000 3.206139 99.826278 -0.006944 4.049800 0.001831 
152 14.615812 0.000000 6.400000 99.844149 0.000000 9.626214 -0.006152 
153 52.027634 0.000000 -6.375445 98.524918 0.000000 2.391433 0.028712 
154 52.027634 0.000000 -19.150890 96.509346 0.205538 8.327286 0.061656 
155 65.631933 0.000000 -6.375445 97.836810 -0.424096 5.594630 0.039648 
156 52.027634 0.000000 6.400000 100.779729 0.000000 3.592601 -0.016946 
157 31.621186 0.000000 0.012278 112.444527 -0.265101 -0.982404 -0.264481 
158 31.621186 0.000000 -6.375445 87.436332 -0.009816 1.149151 0.235357 
159 38.423335 0.000000 0.012278 108.271671 -0.004468 -1.369620 -0.172463 
160 31.621186 0.000000 6.400000 114.594512 -0.006765 5.902177 -0.316674 
161 52.027634 0.000000 19.175445 102.456421 -0.156700 8.065545 -0.056240 
162 65.631933 0.000000 19.175445 101.887108 -0.000000 7.314139 -0.043448 
163 52.027634 0.000000 31.950890 101.947249 -0.182680 10.401347 -0.050146 
164 45.225485 0.000000 0.012278 100.416870 0.115843 -0.157915 -0.008359 
165 45.225485 0.000000 -6.375445 97.398491 0.193666 -0.966330 0.051256 
166 52.027634 0.000000 0.012278 99.688144 0.024332 0.727427 0.006174 
167 45.225485 0.000000 6.400000 103.618333 0.000000 1.524715 -0.073908 
168 147.257728 0.000000 -300.210676 98.984889 0.024339 13.842535 0.001038 
169 147.257728 0.000000 -402.414234 98.996503 0.017266 13.877880 0.000710 
170 256.092120 0.000000 -300.210676 99.017211 0.033864 13.842231 0.000398 
171 92.840531 0.000000 -146.905338 98.840997 0.031174 13.614154 0.004511 
172 92.840531 0.000000 -198.007117 98.885967 0.018586 13.754393 0.003238 
173 147.257728 0.000000 -146.905338 98.975113 0.061674 13.605857 0.001880 
174 65.631933 0.000000 -70.252669 98.315073 0.115726 12.796455 0.017038 
175 65.631933 0.000000 -95.803559 98.517813 0.081068 13.303547 0.011725 
176 92.840531 0.000000 -70.252669 98.812687 0.145440 12.736555 0.007381 
177 52.027634 0.000000 -31.926334 96.723430 0.196000 10.664202 0.053081 
178 52.027634 0.000000 -44.701779 97.224315 0.149952 11.888702 0.040607 
179 65.631933 0.000000 -31.926334 98.069220 0.200757 10.497657 0.027219 
180 45.225485 0.000000 -12.763167 94.163229 0.470955 6.110084 0.109573 
181 38.423335 0.000000 -12.763167 89.703053 0.729805 7.343143 0.189891 
182 45.225485 0.000000 -19.150890 94.372628 0.356247 8.510065 0.102126 
183 52.027634 0.000000 -12.763167 96.925073 0.104045 6.613272 0.056178 
184 364.926512 0.000000 -95.803559 99.075218 0.096841 13.539435 0.000078 
185 364.926512 0.000000 -198.007117 99.038474 0.054287 13.783116 0.000140 
186 473.760905 0.000000 -95.803559 99.068057 0.088200 13.608105 0.000033 
187 364.926512 0.000000 6.400000 99.462400 0.317420 10.810385 -0.000973 
188 201.674924 0.000000 -44.701779 99.207986 0.196694 12.487412 0.000180 
189 201.674924 0.000000 -95.803559 99.069638 0.107876 13.373474 0.000635 
190 256.092120 0.000000 -44.701779 99.184054 0.178478 12.724506 0.000058 
191 201.674924 0.000000 6.400000 100.051803 0.496268 6.597506 -0.005414 
192 120.049130 0.000000 -19.150890 99.538210 0.376136 9.626954 -0.000067 
193 120.049130 0.000000 -44.701779 99.169807 0.225719 11.944856 0.002262 
194 147.257728 0.000000 -19.150890 99.514465 0.349458 10.193332 -0.000715 
195 120.049130 0.000000 6.400000 100.491812 1.014594 2.978781 -0.010851 
196 79.236232 0.000000 -6.375445 99.283020 0.418070 5.309804 0.011451 
197 79.236232 0.000000 -19.150890 98.923990 0.357220 8.683451 0.013851 
198 92.840531 0.000000 -6.375445 99.748371 0.453500 5.865934 0.001565 
199 79.236232 0.000000 6.400000 100.112199 -1.244449 2.828116 -0.003200 
200 58.829784 0.000000 0.012278 99.326731 -0.017845 1.021920 0.013316 
201 58.829784 0.000000 -6.375445 98.916326 0.000000 3.905824 0.020030 
202 65.631933 0.000000 0.012278 96.024394 -0.001923 0.552679 0.077901 
203 58.829784 0.000000 6.400000 99.733487 0.000000 3.788923 0.003888 
204 48.626560 0.000000 -3.181584 98.674759 0.075747 0.643402 0.026287 
205 45.225485 0.000000 -3.181584 98.874392 0.104845 -0.369696 0.022371 
206 48.626560 0.000000 -6.375445 98.006976 0.031182 0.870167 0.039387 
207 52.027634 0.000000 -3.181584 99.233705 0.043341 1.127367 0.015140 
208 48.626560 0.000000 0.012278 99.978437 0.115048 0.306901 0.000420 
209 45.225485 0.000000 12.787722 105.029747 -0.396887 6.229133 -0.107021 
210 38.423335 0.000000 12.787722 108.920994 -0.820613 7.754486 -0.192459 
211 52.027634 0.000000 12.787722 102.215201 -0.021507 6.449659 -0.048955 
212 45.225485 0.000000 19.175445 104.501436 -0.326063 8.434307 -0.099179 
213 48.626560 0.000000 3.206139 101.078676 0.061479 1.148776 -0.021822 
214 45.225485 0.000000 3.206139 101.982602 0.085024 0.280056 -0.040054 
215 52.027634 0.000000 3.206139 100.178366 0.038234 1.646219 -0.003842 
216 48.626560 0.000000 6.400000 101.813813 0.000000 1.973041 -0.036995 
217 41.824410 0.000000 -3.181584 99.773288 0.132901 -1.308508 0.004356 
218 38.423335 0.000000 -3.181584 97.108796 0.081491 -3.150248 0.055995 
219 41.824410 0.000000 -6.375445 94.890550 0.271493 -2.024354 0.099161 
220 41.824410 0.000000 0.012278 103.408786 0.087245 -0.740197 -0.069393 
221 21.417961 0.000000 -3.181584 98.059512 -0.041519 7.082950 0.033416 
222 21.417961 0.000000 -6.375445 97.432190 -0.106227 8.849219 0.042865 
223 24.819036 0.000000 -3.181584 106.035969 -0.221141 1.943744 -0.124745 
224 21.417961 0.000000 0.012278 102.679918 -0.074803 3.428452 -0.055493 
225 364.926512 0.000000 108.603559 99.236220 -0.184229 12.442786 -0.000268 
226 473.760905 0.000000 108.603559 99.335050 -0.223148 11.730482 -0.000511 
227 364.926512 0.000000 210.807117 99.070225 -0.078664 13.642283 -0.000103 
228 201.674924 0.000000 57.501779 99.484950 -0.261502 10.723520 -0.001232 
229 256.092120 0.000000 57.501779 99.598943 -0.291329 9.875076 -0.001755 
230 201.674924 0.000000 108.603559 99.177749 -0.138187 13.005244 -0.000538 
231 120.049130 0.000000 31.950890 99.755527 -0.308240 8.864606 -0.002984 
232 147.257728 0.000000 31.950890 99.838252 -0.316147 8.233367 -0.003556 
233 120.049130 0.000000 57.501779 99.439823 -0.217596 11.570485 -0.002220 
234 79.236232 0.000000 19.175445 100.370785 0.160399 6.820958 -0.012085 
235 92.840531 0.000000 19.175445 99.964255 -0.307956 6.730537 -0.003825 
236 79.236232 0.000000 31.950890 100.189124 -0.248564 9.428929 -0.012683 
237 72.434083 0.000000 0.012278 97.726369 0.037988 0.625025 0.044916 
238 72.434083 0.000000 -6.375445 98.348966 0.228511 5.137531 0.030103 
239 79.236232 0.000000 0.012278 99.651866 0.182244 3.188986 0.005930 
240 72.434083 0.000000 6.400000 99.876821 -0.357879 0.000202 0.002449 
241 58.829784 0.000000 12.787722 101.323654 0.000000 6.831912 -0.031316 
242 65.631933 0.000000 12.787722 102.712581 -0.000000 6.415574 -0.059103 
243 58.829784 0.000000 19.175445 101.504999 -0.075884 8.116687 -0.036915 
244 62.230859 0.000000 3.206139 98.526441 0.150339 2.582976 0.028585 
245 58.829784 0.000000 3.206139 99.824892 -0.001173 3.120249 0.002525 
246 62.230859 0.000000 0.012278 97.576169 -0.013704 0.667381 0.047845 
247 65.631933 0.000000 3.206139 96.555086 0.208014 0.646030 0.067665 
248 62.230859 0.000000 6.400000 103.042209 0.149162 4.042189 -0.063406 
249 72.434083 0.000000 12.787722 101.747574 -0.311794 4.867447 -0.037636 
250 79.236232 0.000000 12.787722 100.381900 -1.221218 4.818819 -0.010124 
251 72.434083 0.000000 19.175445 101.211838 -0.105419 7.070771 -0.029384 
252 69.033008 0.000000 3.206139 97.328157 -0.013200 0.456349 0.052702 
253 69.033008 0.000000 0.012278 96.584658 0.020750 0.557006 0.067109 
254 72.434083 0.000000 3.206139 99.877689 -0.340297 -0.000452 0.002433 
255 69.033008 0.000000 6.400000 99.899960 -0.034861 -0.010253 0.002000 
256 62.230859 0.000000 9.593861 102.088046 0.000000 6.455525 -0.046364 
257 58.829784 0.000000 9.593861 101.026731 0.000000 6.147107 -0.024419 
258 65.631933 0.000000 9.593861 103.650847 -0.000000 5.655665 -0.077548 
259 62.230859 0.000000 12.787722 101.822773 0.000000 6.928014 -0.041587 
260 63.931396 0.000000 4.803069 101.587539 0.305089 1.010275 -0.032114 
261 62.230859 0.000000 4.803069 101.455485 0.204157 2.709878 -0.030060 
262 63.931396 0.000000 3.206139 96.640343 0.176419 1.194655 0.065919 
263 65.631933 0.000000 4.803069 99.784404 0.310289 0.420357 0.004280 
264 63.931396 0.000000 6.400000 104.529329 0.199128 2.532222 -0.093283 
265 55.428709 0.000000 3.206139 99.867798 -0.011347 2.064069 0.002216 
266 55.428709 0.000000 0.012278 99.536972 -0.020638 1.001362 0.009139 
267 55.428709 0.000000 6.400000 100.528549 0.000000 4.558113 -0.012677 
268 60.530321 0.000000 4.803069 100.192396 0.081031 3.850023 -0.005335 
269 58.829784 0.000000 4.803069 101.497880 0.000000 2.568984 -0.030842 
270 60.530321 0.000000 3.206139 99.653975 0.038172 3.951161 0.005347 
271 60.530321 0.000000 6.400000 99.920300 0.000000 4.905000 -0.000813 
272 58.829784 0.000000 -12.763167 97.929224 -0.029207 7.174583 0.035839 
273 58.829784 0.000000 -19.150890 97.628687 0.154147 8.513838 0.039613 
274 65.631933 0.000000 -12.763167 98.084585 0.092397 7.317235 0.032586 
275 62.230859 0.000000 -3.181584 98.139704 -0.000000 3.506685 0.035630 
276 58.829784 0.000000 -3.181584 98.950423 -0.002127 3.092971 0.019925 
277 62.230859 0.000000 -6.375445 98.220020 -0.729833 5.701962 0.031978 
278 65.631933 0.000000 -3.181584 97.272462 -0.000000 3.112198 0.052838 
279 63.931396 0.000000 1.609208 95.428895 0.055401 1.077882 0.089216 
280 62.230859 0.000000 1.609208 97.344512 0.031543 1.516061 0.052175 
281 63.931396 0.000000 0.012278 96.177092 0.001043 0.596742 0.074961 
282 65.631933 0.000000 1.609208 95.500823 0.044192 0.717919 0.087908 
283 63.081127 0.000000 4.004604 91.277486 0.101513 -2.294761 0.166314 
284 62.230859 0.000000 4.004604 98.875747 0.108553 3.344853 0.021239 
285 63.081127 0.000000 3.206139 98.141722 0.176616 1.881657 0.036463 
286 63.931396 0.000000 4.004604 98.658241 0.294443 -0.033625 0.026646 
287 63.081127 0.000000 4.803069 101.690334 0.241489 1.873310 -0.034449 
288 55.428709 0.000000 9.593861 101.168922 0.000000 5.709894 -0.026775 
289 52.027634 0.000000 9.593861 101.350871 0.000000 5.442204 -0.030162 
290 55.428709 0.000000 12.787722 101.127649 0.000000 6.433262 -0.026819 
291 57.129246 0.000000 4.803069 100.185766 0.026814 1.693777 -0.004006 
292 55.428709 0.000000 4.803069 100.021272 -0.074592 2.777514 -0.001198 
293 57.129246 0.000000 3.206139 99.950849 -0.002068 2.637425 0.000287 
294 57.129246 0.000000 6.400000 100.037771 0.000000 3.869224 -0.002253 
295 60.530321 0.000000 1.609208 99.116469 -0.009460 1.963736 0.017207 
296 58.829784 0.000000 1.609208 99.521966 -0.014855 1.618417 0.009276 
297 60.530321 0.000000 0.012278 98.909280 -0.017229 0.909149 0.021613 
298 59.680053 0.000000 4.004604 100.719520 0.000000 4.503409 -0.016470 
299 58.829784 0.000000 4.004604 100.695476 0.000000 3.720452 -0.015342 
300 59.680053 0.000000 3.206139 99.595586 -0.000000 3.576597 0.006793 
301 60.530321 0.000000 4.004604 99.994760 0.049577 4.364734 -0.001801 
302 59.680053 0.000000 4.803069 101.823643 0.000000 4.022238 -0.038423 
303 60.530321 0.000000 7.996931 101.212250 0.000000 6.132132 -0.028152 
304 58.829784 0.000000 7.996931 100.852215 0.000000 5.889839 -0.020586 
305 62.230859 0.000000 7.996931 102.617986 -0.000000 6.092962 -0.056758 
306 60.530321 0.000000 9.593861 101.254042 0.000000 6.399474 -0.029333 
307 59.680053 0.000000 5.601535 99.627622 0.000000 4.062072 0.005784 
308 58.829784 0.000000 5.601535 99.866639 0.181963 1.592087 0.002409 
309 60.530321 0.000000 5.601535 99.992414 0.070099 4.219048 -0.001629 
310 59.680053 0.000000 6.400000 99.628300 0.000000 4.416876 0.005469 
311 61.380590 0.000000 5.601535 101.815066 0.157639 3.902237 -0.038156 
312 61.380590 0.000000 4.803069 101.466171 0.174498 3.529809 -0.030787 
313 62.230859 0.000000 5.601535 103.461984 0.195610 3.346534 -0.071562 
314 61.380590 0.000000 6.400000 101.957321 0.108027 4.408040 -0.041474 
315 60.105187 0.000000 5.202302 101.063281 -0.003950 2.067961 -0.021806 
316 59.680053 0.000000 5.202302 101.650664 0.179395 1.632103 -0.033555 
317 60.105187 0.000000 4.803069 100.675235 -0.000000 4.764115 -0.015820 
318 60.530321 0.000000 5.202302 100.084228 0.071044 4.110831 -0.003376 
319 60.105187 0.000000 5.601535 99.614045 0.000000 4.335236 0.005825 
320 57.129246 0.000000 7.996931 100.852271 0.000000 5.440715 -0.020078 
321 55.428709 0.000000 7.996931 101.139476 0.000000 5.276373 -0.025703 
322 57.129246 0.000000 9.593861 101.130751 0.000000 5.927434 -0.026256 
323 57.979515 0.000000 5.601535 100.227186 0.196927 1.316936 -0.004726 
324 57.129246 0.000000 5.601535 100.320779 0.136472 1.434535 -0.006634 
325 57.979515 0.000000 4.803069 100.765198 0.078854 1.658299 -0.015638 
326 57.979515 0.000000 6.400000 100.112770 0.000000 3.670667 -0.003604 
327 59.254918 0.000000 5.202302 100.623942 0.147277 1.579880 -0.012770 
328 58.829784 0.000000 5.202302 100.481120 0.142738 1.148216 -0.009779 
329 59.254918 0.000000 4.803069 101.755470 -0.000000 3.081814 -0.036367 
330 59.254918 0.000000 5.601535 99.826378 0.130285 1.958339 0.003084 
331 59.680053 0.000000 7.198465 99.999657 -0.000000 4.905634 -0.002400 
332 58.829784 0.000000 7.198465 100.231057 0.000000 4.696781 -0.006832 
333 60.530321 0.000000 7.198465 100.342702 0.000000 5.243385 -0.009615 
334 59.680053 0.000000 7.996931 100.967589 0.000000 6.129948 -0.023203 
335 60.105187 0.000000 6.000767 98.987778 0.000000 4.013866 0.018531 
336 59.680053 0.000000 6.000767 99.333453 0.000000 4.069759 0.011630 
337 60.530321 0.000000 6.000767 100.149749 0.000000 4.720816 -0.005226 
338 60.105187 0.000000 6.400000 99.562473 0.000000 4.475811 0.006728 
339 59.892620 0.000000 5.401918 100.097909 0.083957 1.885357 -0.002315 
340 59.680053 0.000000 5.401918 100.157026 0.131904 2.155016 -0.003609 
341 59.892620 0.000000 5.202302 101.416120 0.141195 1.519891 -0.028756 
342 60.105187 0.000000 5.401918 100.755133 -0.004517 1.181036 -0.015299 
343 59.892620 0.000000 5.601535 99.537666 0.000000 4.168783 0.007487 
344 61.380590 0.000000 4.004604 100.309487 0.101695 4.178930 -0.007947 
345 61.380590 0.000000 3.206139 98.934450 0.076476 3.744111 0.019795 
346 60.105187 0.000000 4.403837 100.156431 -0.000000 4.749627 -0.005387 
347 59.680053 0.000000 4.403837 101.103523 0.000000 4.497265 -0.024215 
348 60.105187 0.000000 4.004604 100.443256 -0.000000 4.989333 -0.011374 
349 60.530321 0.000000 4.403837 100.021773 0.100695 3.937748 -0.001987 
350 60.955456 0.000000 4.403837 100.531771 0.128681 4.049351 -0.012305 
351 60.955456 0.000000 4.004604 100.362594 0.099306 4.162240 -0.008998 
352 61.380590 0.000000 4.403837 101.062118 0.160218 3.851834 -0.022841 
353 60.955456 0.000000 4.803069 100.899695 0.177226 3.536740 -0.019329 
354 60.317754 0.000000 4.603453 99.601497 0.028689 4.212369 0.006180 
355 60.105187 0.000000 4.603453 100.333919 -0.000000 4.820905 -0.009014 
356 60.317754 0.000000 4.403837 99.503674 0.019560 4.281747 0.008069 
357 60.530321 0.000000 4.603453 100.016644 0.075299 4.100993 -0.002015 
358 60.317754 0.000000 4.803069 99.723263 0.022434 4.249843 0.003721 
359 53.728172 0.000000 4.803069 100.438142 0.000000 3.633462 -0.010102 
360 52.027634 0.000000 4.803069 100.664263 0.000000 3.249426 -0.014385 
361 53.728172 0.000000 3.206139 99.990783 -0.007686 2.686637 -0.000537 
362 53.728172 0.000000 6.400000 100.460408 0.000000 4.189571 -0.010985 
363 56.278978 0.000000 5.601535 100.251787 0.048829 1.680941 -0.005325 
364 55.428709 0.000000 5.601535 100.292715 -0.308257 1.529980 -0.006106 
365 56.278978 0.000000 4.803069 100.024585 0.020058 1.932021 -0.000865 
366 56.278978 0.000000 6.400000 99.965684 0.000000 4.283451 -0.001149 
367 55.428709 0.000000 -3.181584 99.237198 -0.015729 1.858834 0.014852 
368 55.428709 0.000000 -6.375445 98.904227 0.000000 3.269672 0.020726 
369 57.129246 0.000000 1.609208 99.708988 -0.018850 1.244059 0.005657 
370 55.428709 0.000000 1.609208 99.715184 -0.017853 1.290703 0.005522 
371 57.129246 0.000000 0.012278 99.528899 -0.020864 1.044781 0.009291 
372 57.979515 0.000000 4.004604 100.559023 -0.000000 3.152947 -0.012206 
373 57.129246 0.000000 4.004604 100.112250 -0.000000 2.934289 -0.003107 
374 57.979515 0.000000 3.206139 100.191234 -0.001030 3.081068 -0.004778 
375 57.554381 0.000000 5.202302 100.560226 0.105748 1.072328 -0.011352 
376 57.129246 0.000000 5.202302 100.241201 0.046102 1.067274 -0.004944 
377 57.554381 0.000000 4.803069 100.519754 0.049388 1.638576 -0.010691 
378 57.979515 0.000000 5.202302 100.494270 0.189494 0.934352 -0.010001 
379 57.554381 0.000000 5.601535 100.319631 0.153826 1.364879 -0.006591 
380 56.278978 0.000000 4.004604 99.730595 0.000000 2.755084 0.004622 
381 55.428709 0.000000 4.004604 99.873717 -0.002539 2.350496 0.001972 
382 56.278978 0.000000 3.206139 100.028068 -0.003037 2.765713 -0.001326 
383 56.704112 0.000000 5.202302 100.141897 0.050872 1.141338 -0.002970 
384 56.278978 0.000000 5.202302 100.255672 0.063701 1.263127 -0.005280 
385 56.704112 0.000000 4.803069 99.901970 0.014176 1.595849 0.001705 
386 56.704112 0.000000 5.601535 100.325698 0.105262 1.493698 -0.006749 
387 57.979515 0.000000 7.198465 100.387390 0.000000 4.344794 -0.009651 
388 57.129246 0.000000 7.198465 100.249284 0.000000 4.453877 -0.006976 
389 57.979515 0.000000 7.996931 100.799279 0.000000 5.622079 -0.019210 
390 57.554381 0.000000 6.000767 99.910204 0.022485 2.044856 0.001377 
391 57.129246 0.000000 6.000767 100.211191 0.039805 2.921990 -0.005082 
392 57.979515 0.000000 6.000767 100.050716 0.000000 3.458555 -0.002211 
393 57.554381 0.000000 6.400000 100.127521 0.000000 3.525744 -0.003795 
394 57.341814 0.000000 5.401918 100.167986 0.070963 1.070170 -0.003478 
395 57.129246 0.000000 5.401918 100.050938 0.019842 1.264398 -0.001179 
396 57.341814 0.000000 5.202302 100.352516 0.080051 1.036253 -0.007171 
397 57.554381 0.000000 5.401918 100.352732 0.102872 1.121838 -0.007194 
398 57.341814 0.000000 5.601535 100.249439 0.156894 1.508841 -0.005225 
399 48.626560 0.000000 9.593861 103.075074 -0.089624 5.120335 -0.065070 
400 45.225485 0.000000 9.593861 104.987666 -0.408092 4.832860 -0.104593 
401 48.626560 0.000000 12.787722 103.361159 -0.190117 6.244945 -0.072256 
402 53.728172 0.000000 7.996931 100.770893 0.000000 4.797472 -0.017779 
403 52.027634 0.000000 7.996931 101.033045 0.000000 4.739041 -0.023013 
404 53.728172 0.000000 9.593861 101.289511 0.000000 5.401926 -0.028875 
405 56.278978 0.000000 7.198465 100.266048 0.000000 4.820940 -0.007652 
406 55.428709 0.000000 7.198465 100.728617 0.000000 4.822847 -0.016951 
407 56.278978 0.000000 7.996931 100.986610 0.000000 5.343240 -0.022685 
408 56.704112 0.000000 6.000767 99.983334 0.000000 3.855200 -0.001153 
409 56.278978 0.000000 6.000767 99.963832 0.000000 3.957528 -0.000843 
410 56.704112 0.000000 6.400000 99.863654 0.000000 4.059387 0.001077 
411 56.916679 0.000000 5.401918 100.261210 0.080817 1.011193 -0.005334 
412 56.704112 0.000000 5.401918 100.260218 0.075840 1.125093 -0.005338 
413 56.916679 0.000000 5.202302 100.197791 0.041039 1.021055 -0.004064 
414 56.916679 0.000000 5.601535 100.241503 0.065657 1.502988 -0.005062 
415 57.554381 0.000000 4.403837 100.398043 -0.000000 2.565776 -0.008635 
416 57.129246 0.000000 4.403837 100.097422 0.000000 2.510694 -0.002580 
417 57.554381 0.000000 4.004604 100.357051 -0.000000 2.983673 -0.008044 
418 57.979515 0.000000 4.403837 100.763557 -0.000000 2.613964 -0.016013 
419 57.341814 0.000000 5.002686 100.394072 0.052759 1.263251 -0.008057 
420 57.129246 0.000000 5.002686 100.201204 0.038871 1.220380 -0.004177 
421 57.341814 0.000000 4.803069 100.334590 0.027223 1.730359 -0.007002 
422 57.554381 0.000000 5.002686 100.627724 0.079502 1.280047 -0.012758 
423 57.235530 0.000000 5.302110 100.215924 0.071299 0.970717 -0.004418 
424 57.129246 0.000000 5.302110 100.178874 0.057373 1.040173 -0.003689 
425 57.235530 0.000000 5.202302 100.301903 0.067247 0.973321 -0.006142 
426 57.341814 0.000000 5.302110 100.295465 0.154611 0.574670 -0.005953 
427 57.235530 0.000000 5.401918 99.957999 0.020911 1.089553 0.000721 
428 53.728172 0.000000 1.609208 99.901402 0.006342 1.542249 0.001733 
429 52.027634 0.000000 1.609208 99.976439 0.028291 1.105236 0.000349 
430 53.728172 0.000000 0.012278 99.594032 0.003889 0.787582 0.008041 
431 54.578440 0.000000 4.004604 99.256855 -0.003473 2.712277 0.014072 
432 53.728172 0.000000 4.004604 99.970233 -0.003781 2.966362 -0.000285 
433 54.578440 0.000000 3.206139 99.703893 -0.010576 2.331498 0.005370 
434 54.578440 0.000000 4.803069 99.786642 0.000000 3.679136 0.002909 
435 56.278978 0.000000 2.407673 99.905213 -0.007663 2.303699 0.001364 
436 55.428709 0.000000 2.407673 99.807878 -0.014581 1.826863 0.003505 
437 56.278978 0.000000 1.609208 99.747455 -0.014230 1.497551 0.004820 
438 57.129246 0.000000 2.407673 99.800052 -0.009968 1.794872 0.003673 
439 55.853843 0.000000 3.605371 99.893377 -0.003901 2.371793 0.001569 
440 55.428709 0.000000 3.605371 99.871118 -0.005242 2.142290 0.002117 
441 55.853843 0.000000 3.206139 99.884239 -0.007713 2.192178 0.001833 
442 56.278978 0.000000 3.605371 99.857672 -0.001965 2.627121 0.002154 
443 55.853843 0.000000 4.004604 99.784164 -0.000811 2.553029 0.003660 
444 50.327097 0.000000 4.803069 100.841152 0.038524 2.292934 -0.017420 
445 48.626560 0.000000 4.803069 101.606164 0.068225 1.508150 -0.032609 
446 50.327097 0.000000 3.206139 100.543320 0.061311 1.505296 -0.011123 
447 50.327097 0.000000 6.400000 101.245747 0.000000 2.764471 -0.025834 
448 52.877903 0.000000 4.004604 100.413246 -0.002311 3.189008 -0.009299 
449 52.027634 0.000000 4.004604 100.551100 0.020502 2.945594 -0.011920 
450 52.877903 0.000000 3.206139 100.175980 0.003862 2.209995 -0.004011 
451 52.877903 0.000000 4.803069 100.582792 0.000000 3.510199 -0.012922 
452 50.327097 0.000000 1.609208 100.087202 0.065035 0.960031 -0.001837 
453 48.626560 0.000000 1.609208 100.610855 0.076893 0.596517 -0.012291 
454 50.327097 0.000000 0.012278 99.761851 0.077109 0.597080 0.004721 
455 52.877903 0.000000 2.407673 100.007240 0.020453 1.548775 -0.000385 
456 52.027634 0.000000 2.407673 100.112055 0.027198 1.317891 -0.002416 
457 52.877903 0.000000 1.609208 99.904165 0.020608 1.178354 0.001777 
458 53.728172 0.000000 2.407673 100.003533 -0.010549 2.122358 -0.000521 
459 53.303037 0.000000 3.605371 100.257368 -0.006425 2.917522 -0.006005 
460 52.877903 0.000000 3.605371 100.309475 -0.005911 2.846118 -0.007009 
461 53.303037 0.000000 3.206139 100.113405 -0.010826 2.366639 -0.002830 
462 53.728172 0.000000 3.605371 99.973779 -0.005864 2.838674 -0.000281 
463 53.303037 0.000000 4.004604 100.321770 -0.003121 3.128740 -0.007425 
464 51.177366 0.000000 4.004604 100.555789 0.062562 2.090669 -0.011584 
465 50.327097 0.000000 4.004604 100.627332 0.062107 1.735342 -0.012888 
466 51.177366 0.000000 3.206139 100.308244 0.052350 1.488464 -0.006396 
467 51.177366 0.000000 4.803069 100.813823 0.000000 2.923130 -0.017197 
468 51.177366 0.000000 2.407673 100.143533 0.047608 1.179068 -0.003012 
469 50.327097 0.000000 2.407673 100.328005 0.064255 1.196664 -0.006714 
470 51.177366 0.000000 1.609208 99.963981 0.044595 0.864187 0.000645 
471 51.602500 0.000000 3.605371 100.477569 0.043252 2.301944 -0.010104 
472 51.177366 0.000000 3.605371 100.461558 0.061519 1.828606 -0.009587 
473 51.602500 0.000000 3.206139 100.374280 0.035161 1.769345 -0.007813 
474 52.027634 0.000000 3.605371 100.398905 0.034480 2.441555 -0.008590 
475 51.602500 0.000000 4.004604 100.585123 0.043303 2.751938 -0.012494 
476 59.680053 0.000000 2.407673 99.532579 -0.003125 3.019005 0.008415 
477 58.829784 0.000000 2.407673 99.686100 -0.007455 2.312382 0.005733 
478 59.680053 0.000000 1.609208 99.321396 -0.008369 1.997502 0.013127 
479 60.530321 0.000000 2.407673 99.264077 -0.003160 3.158079 0.013667 
480 59.254918 0.000000 3.605371 100.113504 -0.000000 3.792047 -0.003709 
481 58.829784 0.000000 3.605371 100.127037 0.000000 3.499993 -0.003767 
482 59.254918 0.000000 3.206139 99.712796 -0.000000 3.494418 0.004515 
483 59.680053 0.000000 3.605371 100.159513 0.000000 4.109837 -0.004882 
484 59.254918 0.000000 4.004604 100.795946 -0.000000 4.099267 -0.017663 
485 57.979515 0.000000 2.407673 99.962514 -0.004848 2.474697 0.000137 
486 57.979515 0.000000 1.609208 99.791756 -0.008533 1.843361 0.003821 
487 58.404650 0.000000 3.605371 100.305876 -0.000000 3.384173 -0.007272 
488 57.979515 0.000000 3.605371 100.281520 -0.000000 3.135638 -0.006622 
489 58.404650 0.000000 3.206139 99.955066 -0.001586 3.020679 -0.000014 
490 58.404650 0.000000 4.004604 100.683556 -0.000000 3.418888 -0.014887 
491 57.554381 0.000000 3.605371 100.180393 -0.000000 3.020526 -0.004523 
492 57.129246 0.000000 3.605371 100.065969 -0.000000 2.964783 -0.002199 
493 57.554381 0.000000 3.206139 100.023311 -0.002193 2.756227 -0.001226 
494 56.704112 0.000000 3.605371 99.970937 0.000000 3.007360 -0.000323 
495 56.704112 0.000000 3.206139 99.899683 -0.003291 2.485662 0.001387 
496 56.704112 0.000000 4.004604 99.918578 -0.000000 2.914236 0.000779 
497 56.704112 0.000000 4.403837 99.854604 0.000000 2.317461 0.002369 
498 56.278978 0.000000 4.403837 99.723404 0.000000 2.307749 0.004992 
499 56.491545 0.000000 3.804988 99.867235 -0.000000 2.985171 0.001762 
500 56.278978 0.000000 3.804988 99.761779 -0.000177 2.880234 0.003929 
501 56.491545 0.000000 3.605371 99.904361 -0.000968 2.789913 0.001133 
502 56.704112 0.000000 3.804988 99.930510 0.000000 3.026620 0.000473 
503 56.491545 0.000000 4.004604 99.801006 0.000000 2.826982 0.003177 
504 56.704112 0.000000 2.806906 99.824532 -0.008171 1.956757 0.003123 
505 56.278978 0.000000 2.806906 99.986580 -0.005308 2.603377 -0.000409 
506 56.704112 0.000000 2.407673 99.761878 -0.012946 1.605496 0.004499 
507 57.129246 0.000000 2.806906 99.859831 -0.006642 2.092837 0.002363 
508 56.491545 0.000000 3.405755 99.891756 -0.003389 2.504600 0.001536 
509 56.278978 0.000000 3.405755 99.879471 -0.004194 2.361847 0.001851 
510 56.491545 0.000000 3.206139 99.883719 -0.004384 2.388031 0.001754 
511 56.704112 0.000000 3.405755 99.918039 -0.002361 2.608765 0.000958 
512 56.916679 0.000000 3.804988 100.009573 -0.000000 3.010943 -0.001098 
513 56.916679 0.000000 3.605371 99.997400 -0.000000 2.940973 -0.000813 
514 57.129246 0.000000 3.804988 100.110263 -0.000000 2.997187 -0.003105 
515 56.916679 0.000000 4.004604 100.017167 -0.000000 2.936450 -0.001206 
516 56.597829 0.000000 3.705180 99.901226 -0.000000 3.013955 0.001066 
517 56.491545 0.000000 3.705180 99.871369 -0.000317 2.922459 0.001717 
518 56.597829 0.000000 3.605371 99.920536 -0.000585 2.908911 0.000742 
519 56.704112 0.000000 3.705180 99.956452 0.000000 3.015687 -0.000039 
520 56.597829 0.000000 3.804988 99.904815 -0.000000 3.017970 0.000992 
521 55.853843 0.000000 4.403837 99.858741 0.000000 2.980202 0.001935 
522 55.428709 0.000000 4.403837 99.961673 0.000000 3.151425 -0.000227 
523 55.853843 0.000000 4.803069 100.114953 -0.053954 2.027321 -0.002712 
524 56.066411 0.000000 3.804988 99.662688 -0.000369 2.900471 0.005894 
525 55.853843 0.000000 3.804988 99.796638 -0.001808 2.450760 0.003462 
526 56.066411 0.000000 3.605371 99.816435 -0.002016 2.480833 0.003052 
527 56.066411 0.000000 4.004604 99.700903 0.000000 2.502812 0.005347 
528 54.578440 0.000000 2.407673 99.854770 -0.013125 2.012492 0.002497 
529 54.578440 0.000000 1.609208 99.728637 -0.016889 1.399962 0.005224 
530 55.853843 0.000000 2.806906 99.823251 -0.013609 1.874369 0.003181 
531 55.428709 0.000000 2.806906 99.852727 -0.013226 1.959786 0.002559 
532 55.853843 0.000000 2.407673 99.770234 -0.015641 1.622957 0.004327 
533 56.066411 0.000000 3.405755 99.880405 -0.005214 2.301368 0.001861 
534 55.853843 0.000000 3.405755 99.885054 -0.006199 2.249588 0.001792 
535 56.066411 0.000000 3.206139 99.858311 -0.006557 2.177776 0.002357 
536 56.172694 0.000000 3.705180 99.770357 -0.000802 2.734149 0.003840 
537 56.066411 0.000000 3.705180 99.742118 -0.001192 2.692843 0.004426 
538 56.172694 0.000000 3.605371 99.792031 -0.001830 2.540073 0.003510 
539 56.278978 0.000000 3.705180 99.779864 -0.000709 2.783350 0.003623 
540 56.172694 0.000000 3.804988 99.723280 -0.000302 2.859536 0.004709 
541 -288.079842 0.000000 -300.210676 99.020354 0.000866 13.920885 0.000118 
542 -396.914234 0.000000 -300.210676 99.023765 0.000595 13.919750 0.000053 
543 -288.079842 0.000000 -402.414234 99.019683 0.001238 13.919865 0.000134 
544 364.926512 0.000000 -300.210676 99.027849 0.036363 13.849044 0.000169 
545 364.926512 0.000000 -402.414234 99.023666 0.026573 13.876231 0.000176 
546 473.760905 0.000000 -300.210676 99.031237 0.036415 13.855403 0.000084 
547 -124.828253 0.000000 -146.905338 99.001482 -0.000961 13.931896 0.000461 
548 -179.245449 0.000000 -146.905338 99.014990 0.000145 13.927183 0.000207 
549 -124.828253 0.000000 -198.007117 98.998827 0.000037 13.927853 0.000525 
550 201.674924 0.000000 -146.905338 99.024729 0.069309 13.634084 0.000821 
551 201.674924 0.000000 -198.007117 99.013303 0.049027 13.750435 0.000729 
552 256.092120 0.000000 -146.905338 99.044587 0.071916 13.666089 0.000340 
553 -43.202459 0.000000 -70.252669 98.923429 -0.013879 13.981747 0.001867 
554 -70.411057 0.000000 -70.252669 98.979090 -0.004558 13.960376 0.000825 
555 -43.202459 0.000000 -95.803559 98.911295 -0.010859 13.963874 0.002157 
556 120.049130 0.000000 -70.252669 99.032463 0.155031 12.844917 0.002756 
557 120.049130 0.000000 -95.803559 98.962827 0.112141 13.249211 0.003080 
558 147.257728 0.000000 -70.252669 99.091357 0.152922 12.932351 0.001363 
559 -2.389562 0.000000 -31.926334 98.597181 -0.225848 14.174903 0.007762 
560 -15.993861 0.000000 -31.926334 98.836267 -0.072382 14.095816 0.003270 
561 -2.389562 0.000000 -44.701779 98.554547 -0.143350 14.110820 0.008787 
562 4.412588 0.000000 -12.763167 98.394954 -1.277151 14.210354 0.011487 
563 -2.389562 0.000000 -12.763167 98.708373 -0.437236 14.265132 0.005297 
564 4.412588 0.000000 -19.150890 98.421034 -0.760202 14.272698 0.010901 
565 79.236232 0.000000 -31.926334 98.727163 0.263464 10.515731 0.014230 
566 79.236232 0.000000 -44.701779 98.661360 0.200716 11.626823 0.013071 
567 92.840531 0.000000 -31.926334 99.103370 0.288592 10.695324 0.006405 
568 31.621186 0.000000 -12.763167 88.001015 0.338161 11.314737 0.212768 
569 31.621186 0.000000 -19.150890 91.636728 0.121364 12.547603 0.144525 
570 4.412588 0.000000 12.787722 99.772843 1.267610 14.192699 -0.015766 
571 -2.389562 0.000000 12.787722 99.422423 0.431173 14.256938 -0.008826 
572 4.412588 0.000000 19.175445 99.734203 0.752615 14.249645 -0.015053 
573 31.621186 0.000000 12.787722 109.496104 -0.391988 11.579177 -0.212363 
574 31.621186 0.000000 19.175445 106.281511 -0.150011 12.500875 -0.145205 
575 21.417961 0.000000 3.206139 101.846064 -0.033017 7.727561 -0.043234 
576 24.819036 0.000000 3.206139 112.326927 -0.221021 4.215126 -0.263515 
577 21.417961 0.000000 6.400000 102.081833 -0.004790 7.917965 -0.048339 
578 41.824410 0.000000 3.206139 104.576862 0.105739 -0.112321 -0.093634 
579 38.423335 0.000000 3.206139 110.456042 0.062439 0.444149 -0.220074 
580 41.824410 0.000000 6.400000 107.649331 0.000000 1.439181 -0.159045 
581 72.434083 0.000000 -12.763167 98.465400 0.310037 7.156801 0.025325 
582 72.434083 0.000000 -19.150890 98.477612 0.291540 8.587900 0.022832 
583 79.236232 0.000000 -12.763167 99.064131 0.414427 7.257685 0.013345 
584 41.824410 0.000000 9.593861 107.645801 -0.812900 4.994746 -0.161323 
585 38.423335 0.000000 9.593861 110.261261 -1.205833 6.026568 -0.219532 
586 41.824410 0.000000 12.787722 107.071333 -0.636139 6.661123 -0.150905 
587 69.033008 0.000000 -3.181584 97.338207 -0.000000 2.686034 0.051806 
588 69.033008 0.000000 -6.375445 97.870716 -0.056971 5.300169 0.039323 
589 72.434083 0.000000 -3.181584 98.330569 0.018254 3.838672 0.031636 
590 69.033008 0.000000 9.593861 103.477928 -2.684283 3.576702 -0.072768 
591 72.434083 0.000000 9.593861 101.845140 -1.720450 3.275710 -0.038612 
592 69.033008 0.000000 12.787722 102.559080 -0.000000 6.528377 -0.056098 
593 63.931396 0.000000 7.996931 104.396297 -0.000000 5.157430 -0.092519 
594 65.631933 0.000000 7.996931 104.313049 -0.000000 5.208168 -0.090834 
595 63.931396 0.000000 9.593861 103.329932 0.000000 5.954350 -0.071253 
596 63.081127 0.000000 5.601535 105.162982 0.158683 2.622574 -0.106616 
597 63.931396 0.000000 5.601535 105.038805 0.160237 1.647106 -0.103589 
598 63.081127 0.000000 6.400000 104.194675 0.159176 3.596909 -0.086949 
599 61.380590 0.000000 2.407673 98.520857 0.041398 2.990227 0.028470 
600 61.380590 0.000000 1.609208 98.162044 -0.007223 2.106644 0.035978 
601 62.230859 0.000000 2.407673 97.723303 0.105905 2.145854 0.044554 
602 60.105187 0.000000 3.605371 99.821145 -0.000000 4.215364 0.001797 
603 60.105187 0.000000 3.206139 99.712559 -0.000000 4.009620 0.004133 
604 60.530321 0.000000 3.605371 99.865229 0.040712 4.260372 0.000878 
605 59.254918 0.000000 4.403837 101.253322 -0.000000 3.835368 -0.026695 
606 58.829784 0.000000 4.403837 101.191796 0.000000 3.353162 -0.025102 
607 61.380590 0.000000 7.198465 101.797048 0.000000 5.667053 -0.039475 
608 62.230859 0.000000 7.198465 103.156700 0.092119 4.600977 -0.066248 
609 61.380590 0.000000 7.996931 101.758812 0.000000 6.150333 -0.039268 
610 59.254918 0.000000 6.000767 99.555899 -0.000000 3.921781 0.007324 
611 58.829784 0.000000 6.000767 99.421252 -0.000000 3.112511 0.010573 
612 59.254918 0.000000 6.400000 99.633309 -0.000000 4.228822 0.005532 
613 60.955456 0.000000 5.202302 100.618165 0.109438 3.995750 -0.013999 
614 61.380590 0.000000 5.202302 101.542802 0.139251 4.089848 -0.032769 
615 60.955456 0.000000 5.601535 100.494400 0.100713 4.040213 -0.011546 
616 60.955456 0.000000 6.000767 101.007359 0.082464 4.242805 -0.022049 
617 61.380590 0.000000 6.000767 101.722425 0.141140 3.987103 -0.036337 
618 60.955456 0.000000 6.400000 100.652735 0.033730 4.869352 -0.015468 
619 58.404650 0.000000 5.202302 100.482227 0.213899 0.958042 -0.009764 
620 58.404650 0.000000 4.803069 101.022611 0.079237 1.867993 -0.020906 
621 58.404650 0.000000 5.601535 100.040094 0.273898 1.467761 -0.001025 
622 58.404650 0.000000 6.000767 99.806773 -0.000000 3.448990 0.002671 
623 58.404650 0.000000 6.400000 100.079014 0.000000 3.812027 -0.003034 
624 60.955456 0.000000 3.605371 99.977529 0.064827 4.276571 -0.001380 
625 60.955456 0.000000 3.206139 99.653237 0.041466 4.274279 0.005096 
626 61.380590 0.000000 3.605371 99.744184 0.085301 4.162810 0.003376 
627 54.578440 0.000000 5.601535 100.124386 0.000000 4.024768 -0.004109 
628 53.728172 0.000000 5.601535 100.511365 0.000000 3.977172 -0.011835 
629 54.578440 0.000000 6.400000 100.618691 0.000000 4.471155 -0.014411 
630 52.877903 0.000000 5.601535 100.689365 0.000000 3.820067 -0.015294 
631 52.027634 0.000000 5.601535 100.723728 0.000000 3.413902 -0.015692 
632 52.877903 0.000000 6.400000 100.636301 0.000000 3.858105 -0.014255 
633 55.853843 0.000000 5.202302 99.772842 -0.123654 1.252103 0.004380 
634 55.428709 0.000000 5.202302 100.361318 -0.401767 0.994467 -0.007354 
635 55.853843 0.000000 5.601535 100.146050 -0.071015 1.890136 -0.003281 
636 55.853843 0.000000 6.000767 100.130127 0.000000 4.081497 -0.004270 
637 55.428709 0.000000 6.000767 100.231891 0.000000 4.233486 -0.006435 
638 55.853843 0.000000 6.400000 100.219576 0.000000 4.467734 -0.006392 
639 58.404650 0.000000 4.403837 101.012117 -0.000000 2.905782 -0.021189 
640 56.916679 0.000000 5.002686 100.102239 0.023597 1.321629 -0.002221 
641 56.704112 0.000000 5.002686 100.015385 0.032395 1.251491 -0.000464 
642 56.916679 0.000000 4.803069 100.043445 0.013753 1.685736 -0.001153 
643 50.327097 0.000000 7.996931 101.361161 0.000000 2.897221 -0.028248 
644 48.626560 0.000000 7.996931 101.571478 0.000000 2.226083 -0.032172 
645 50.327097 0.000000 9.593861 102.388539 0.045010 5.322414 -0.051174 
646 54.578440 0.000000 7.198465 100.642370 0.000000 4.626198 -0.015029 
647 53.728172 0.000000 7.198465 100.590855 0.000000 4.468799 -0.013849 
648 54.578440 0.000000 7.996931 100.921938 0.000000 5.023071 -0.021047 
649 51.177366 0.000000 5.601535 100.898084 0.000000 3.118237 -0.019015 
650 50.327097 0.000000 5.601535 101.074897 0.000000 2.807545 -0.022402 
651 51.177366 0.000000 6.400000 100.968003 0.000000 3.187609 -0.020470 
652 52.452769 0.000000 3.605371 100.392241 0.023096 2.701534 -0.008590 
653 52.452769 0.000000 3.206139 100.135077 0.028135 1.740078 -0.003006 
654 52.452769 0.000000 4.004604 100.534391 -0.001706 3.225012 -0.011756 
655 57.554381 0.000000 2.806906 99.965330 -0.004479 2.489281 0.000074 
656 57.554381 0.000000 2.407673 99.880999 -0.007801 2.072224 0.001949 
657 57.979515 0.000000 2.806906 100.083826 -0.002631 2.826228 -0.002476 
658 56.916679 0.000000 3.405755 99.959083 -0.000196 2.870682 -0.000006 
659 56.916679 0.000000 3.206139 99.908305 -0.003127 2.464751 0.001226 
660 57.129246 0.000000 3.405755 99.991617 -0.000000 2.941308 -0.000697 
661 56.385261 0.000000 3.705180 99.833470 -0.000588 2.887021 0.002494 
662 56.385261 0.000000 3.605371 99.876429 -0.001508 2.715347 0.001733 
663 56.385261 0.000000 3.804988 99.811648 0.000000 2.925507 0.002908 
664 63.081127 0.000000 2.407673 96.618636 0.115361 1.545228 0.066244 
665 63.081127 0.000000 1.609208 96.673688 0.062734 1.163488 0.065284 
666 63.931396 0.000000 2.407673 94.444640 0.067176 1.281185 0.107856 
667 52.877903 0.000000 7.198465 100.723753 0.000000 4.398697 -0.016462 
668 52.027634 0.000000 7.198465 100.863978 0.000000 3.960513 -0.018923 
669 52.877903 0.000000 7.996931 100.875865 0.000000 4.818983 -0.019916 
670 58.404650 0.000000 2.806906 99.892611 -0.003828 2.719122 0.001407 
671 58.404650 0.000000 2.407673 99.816017 -0.007108 2.380528 0.003110 
672 58.829784 0.000000 2.806906 99.748049 -0.005043 2.596474 0.004359 
673 63.081127 0.000000 7.198465 103.943019 0.138051 4.085263 -0.082086 
674 63.931396 0.000000 7.198465 103.707124 0.192565 3.272792 -0.076592 
675 63.081127 0.000000 7.996931 103.704012 -0.000000 5.672270 -0.078670 
676 51.177366 0.000000 7.198465 101.177421 0.000000 3.265587 -0.024753 
677 50.327097 0.000000 7.198465 101.308478 0.000000 2.732026 -0.027087 
678 51.177366 0.000000 7.996931 101.178411 0.000000 3.477216 -0.024916 
679 59.254918 0.000000 2.806906 99.643471 -0.004273 2.737574 0.006368 
680 59.254918 0.000000 2.407673 99.594958 -0.006608 2.404459 0.007506 
681 59.680053 0.000000 2.806906 99.681000 -0.000809 3.625207 0.005056 
1 19 21 9 22 
2 20 19 22 4 
3 28 29 3 30 
4 21 28 30 9 
5 35 37 21 38 
6 36 35 38 19 
7 44 45 28 46 
8 37 44 46 21 
9 51 53 37 54 
10 52 51 54 35 
11 11 62 60 61 
12 62 10 24 60 
13 60 24 14 63 
14 61 60 63 6 
15 24 66 64 65 
16 66 23 40 64 
17 64 40 27 67 
18 65 64 67 14 
19 40 70 68 69 
20 70 39 56 68 
21 68 56 43 71 
22 69 68 71 27 
23 72 73 44 74 
24 53 72 74 37 
25 75 77 53 78 
26 76 75 78 51 
27 56 81 79 80 
28 80 79 83 43 
29 6 63 92 93 
30 63 14 36 92 
31 92 36 19 94 
32 93 92 94 20 
33 14 67 95 96 
34 67 27 52 95 
35 95 52 35 97 
36 96 95 97 36 
37 27 71 98 99 
38 71 43 76 98 
39 98 76 51 100 
40 99 98 100 52 
41 43 83 101 102 
42 101 103 75 104 
43 102 101 104 76 
44 79 107 105 106 
45 107 82 108 105 
46 105 108 59 109 
47 106 105 109 83 
48 110 111 72 112 
49 77 110 112 53 
50 113 114 77 115 
51 103 113 115 75 
52 12 122 120 121 
53 122 7 123 120 
54 120 123 13 25 
55 121 120 25 10 
56 25 126 124 125 
57 126 13 127 124 
58 124 127 26 41 
59 125 124 41 23 
60 41 130 128 129 
61 130 26 131 128 
62 128 131 42 57 
63 129 128 57 39 
64 57 134 132 133 
65 134 42 135 132 
66 132 135 58 89 
67 133 132 89 55 
68 55 138 136 137 
69 138 89 139 136 
70 136 139 88 117 
71 137 136 117 82 
72 82 142 140 141 
73 142 117 143 140 
74 140 143 116 144 
75 141 140 144 108 
76 59 119 145 146 
77 119 91 147 145 
78 145 147 113 148 
79 146 145 148 103 
80 108 144 149 150 
81 144 116 151 149 
82 149 151 119 152 
83 150 149 152 59 
84 88 158 157 118 
85 158 90 159 157 
86 157 159 5 160 
87 118 157 160 91 
88 161 162 110 163 
89 114 161 163 77 
90 7 169 168 123 
91 169 16 170 168 
92 168 170 15 32 
93 123 168 32 13 
94 13 172 171 127 
95 172 32 173 171 
96 171 173 31 48 
97 127 171 48 26 
98 26 175 174 131 
99 175 48 176 174 
100 174 176 47 85 
101 131 174 85 42 
102 42 178 177 135 
103 178 85 179 177 
104 177 179 84 154 
105 135 177 154 58 
106 58 182 180 181 
107 182 154 183 180 
108 180 183 153 165 
109 181 180 165 90 
110 15 185 184 33 
111 185 17 186 184 
112 184 186 8 187 
113 33 184 187 18 
114 31 189 188 49 
115 189 33 190 188 
116 188 190 18 191 
117 49 188 191 34 
118 47 193 192 86 
119 193 49 194 192 
120 192 194 34 195 
121 86 192 195 50 
122 197 86 198 196 
123 196 198 50 199 
124 165 206 204 205 
125 206 153 207 204 
126 204 207 166 208 
127 205 204 208 164 
128 209 211 161 212 
129 210 209 212 114 
130 164 208 213 214 
131 214 213 216 167 
132 90 219 217 218 
133 219 165 205 217 
134 217 205 164 220 
135 218 217 220 159 
136 117 222 221 143 
137 222 88 223 221 
138 221 223 118 224 
139 143 221 224 116 
140 18 187 225 45 
141 187 8 226 225 
142 225 226 29 227 
143 45 225 227 28 
144 34 191 228 73 
145 191 18 229 228 
146 228 229 45 230 
147 73 228 230 44 
148 50 195 231 111 
149 195 34 232 231 
150 231 232 73 233 
151 111 231 233 72 
152 199 50 235 234 
153 234 235 111 236 
154 162 234 236 110 
155 238 196 239 237 
156 237 239 199 240 
157 241 242 162 243 
158 211 241 243 161 
159 240 199 250 249 
160 249 250 234 251 
161 242 249 251 162 
162 202 253 252 247 
163 253 237 254 252 
164 252 254 240 255 
165 247 252 255 87 
166 256 258 242 259 
167 257 256 259 241 
168 262 247 263 260 
169 260 263 87 264 
170 154 273 272 183 
171 273 84 274 272 
172 272 274 155 201 
173 183 272 201 153 
174 201 277 275 276 
175 277 155 278 275 
176 275 278 202 246 
177 276 275 246 200 
178 246 281 279 280 
179 281 202 282 279 
180 279 282 247 262 
181 244 285 283 284 
182 285 262 286 283 
183 283 286 260 287 
184 284 283 287 261 
185 288 257 241 290 
186 289 288 290 211 
187 200 297 295 296 
188 297 246 280 295 
189 303 305 256 306 
190 304 303 306 257 
191 312 261 313 311 
192 311 313 248 314 
193 302 317 315 316 
194 317 268 318 315 
195 315 318 309 319 
196 320 304 257 322 
197 321 320 322 288 
198 269 329 327 328 
199 329 302 316 327 
200 327 316 307 330 
201 328 327 330 308 
202 203 310 331 332 
203 310 271 333 331 
204 331 333 303 334 
205 332 331 334 304 
206 307 319 335 336 
207 319 309 337 335 
208 335 337 271 338 
209 336 335 338 310 
210 316 341 339 340 
211 341 315 342 339 
212 339 342 319 343 
213 340 339 343 307 
214 345 244 284 344 
215 344 284 261 312 
216 298 348 346 347 
217 348 301 349 346 
218 347 346 317 302 
219 301 351 350 349 
220 351 344 352 350 
221 350 352 312 353 
222 349 350 353 268 
223 346 356 354 355 
224 356 349 357 354 
225 354 357 268 358 
226 355 354 358 317 
227 153 368 367 207 
228 368 201 276 367 
229 367 276 200 266 
230 207 367 266 166 
231 266 371 369 370 
232 371 200 296 369 
233 377 325 378 375 
234 375 378 323 379 
235 365 385 383 384 
236 384 383 386 363 
237 294 326 387 388 
238 326 203 332 387 
239 387 332 304 389 
240 388 387 389 320 
241 324 379 390 391 
242 379 323 392 390 
243 390 392 326 393 
244 391 390 393 294 
245 396 375 397 394 
246 394 397 379 398 
247 395 394 398 324 
248 167 216 399 400 
249 399 289 211 401 
250 400 399 401 209 
251 402 321 288 404 
252 403 402 404 289 
253 267 366 405 406 
254 366 294 388 405 
255 405 388 320 407 
256 406 405 407 321 
257 363 386 408 409 
258 386 324 391 408 
259 408 391 294 410 
260 409 408 410 366 
261 383 413 411 412 
262 413 376 395 411 
263 411 395 324 414 
264 412 411 414 386 
265 373 417 415 416 
266 417 372 418 415 
267 415 418 325 377 
268 416 415 377 291 
269 291 421 419 420 
270 421 377 422 419 
271 419 422 375 396 
272 420 419 396 376 
273 376 425 423 424 
274 425 396 426 423 
275 423 426 394 427 
276 424 423 427 395 
277 166 430 428 429 
278 430 266 370 428 
279 361 433 431 432 
280 433 265 381 431 
281 431 381 292 434 
282 432 431 434 359 
283 370 437 435 436 
284 437 369 438 435 
285 265 441 439 440 
286 440 439 443 381 
287 213 446 444 445 
288 445 444 447 216 
289 448 432 359 451 
290 449 448 451 360 
291 208 454 452 453 
292 454 166 429 452 
293 453 452 446 213 
294 429 457 455 456 
295 457 428 458 455 
296 455 458 361 450 
297 456 455 450 215 
298 450 461 459 460 
299 461 361 462 459 
300 459 462 432 463 
301 460 459 463 448 
302 446 466 464 465 
303 464 449 360 467 
304 465 464 467 444 
305 452 470 468 469 
306 470 429 456 468 
307 468 456 215 466 
308 469 468 466 446 
309 466 473 471 472 
310 473 215 474 471 
311 471 474 449 475 
312 472 471 475 464 
313 296 478 476 477 
314 478 295 479 476 
315 476 479 270 300 
316 245 482 480 481 
317 482 300 483 480 
318 480 483 298 484 
319 481 480 484 299 
320 369 486 485 438 
321 486 296 477 485 
322 374 489 487 488 
323 489 245 481 487 
324 487 481 299 490 
325 488 487 490 372 
326 293 493 491 492 
327 493 374 488 491 
328 491 488 372 417 
329 492 491 417 373 
330 380 496 497 498 
331 496 373 416 497 
332 497 416 291 385 
333 498 497 385 365 
334 499 502 496 503 
335 500 499 503 380 
336 435 506 504 505 
337 506 438 507 504 
338 504 507 293 495 
339 505 504 495 382 
340 382 510 508 509 
341 510 495 511 508 
342 508 511 494 501 
343 509 508 501 442 
344 494 513 512 502 
345 513 492 514 512 
346 512 514 373 515 
347 502 512 515 496 
348 501 518 516 517 
349 518 494 519 516 
350 516 519 502 520 
351 517 516 520 499 
352 381 443 521 522 
353 443 380 498 521 
354 521 498 365 523 
355 522 521 523 292 
356 439 526 524 525 
357 524 500 380 527 
358 525 524 527 443 
359 428 529 528 458 
360 529 370 436 528 
361 528 436 265 433 
362 458 528 433 361 
363 436 532 530 531 
364 532 435 505 530 
365 530 505 382 441 
366 531 530 441 265 
367 441 535 533 534 
368 535 382 509 533 
369 533 509 442 526 
370 534 533 526 439 
371 526 538 536 537 
372 538 442 539 536 
373 536 539 500 540 
374 537 536 540 524 
375 1 543 541 542 
376 543 12 121 541 
377 541 121 10 62 
378 542 541 62 11 
379 16 545 544 170 
380 545 2 546 544 
381 544 546 17 185 
382 170 544 185 15 
383 10 549 547 548 
384 549 25 125 547 
385 547 125 23 66 
386 548 547 66 24 
387 32 551 550 173 
388 551 15 552 550 
389 550 552 33 189 
390 173 550 189 31 
391 23 555 553 554 
392 555 41 129 553 
393 553 129 39 70 
394 554 553 70 40 
395 48 557 556 176 
396 557 31 558 556 
397 556 558 49 193 
398 176 556 193 47 
399 39 561 559 560 
400 561 57 133 559 
401 559 133 55 81 
402 560 559 81 56 
403 81 564 562 563 
404 564 55 137 562 
405 562 137 82 107 
406 563 562 107 79 
407 85 566 565 179 
408 566 47 567 565 
409 565 567 86 197 
410 179 565 197 84 
411 89 569 568 139 
412 569 58 181 568 
413 568 181 90 158 
414 139 568 158 88 
415 83 109 570 571 
416 109 59 146 570 
417 570 146 103 572 
418 571 570 572 101 
419 91 160 573 147 
420 160 5 210 573 
421 573 210 114 574 
422 147 573 574 113 
423 116 224 575 151 
424 224 118 576 575 
425 575 576 91 577 
426 151 575 577 119 
427 159 220 578 579 
428 220 164 214 578 
429 578 214 167 580 
430 579 578 580 5 
431 84 582 581 274 
432 582 197 583 581 
433 581 583 196 238 
434 274 581 238 155 
435 5 580 584 585 
436 580 167 400 584 
437 584 400 209 586 
438 585 584 586 210 
439 155 588 587 278 
440 588 238 589 587 
441 587 589 237 253 
442 278 587 253 202 
443 87 255 590 258 
444 255 240 591 590 
445 590 591 249 592 
446 258 590 592 242 
447 264 87 594 593 
448 593 594 258 595 
449 305 593 595 256 
450 261 287 596 313 
451 287 260 597 596 
452 596 597 264 598 
453 313 596 598 248 
454 295 600 599 479 
455 600 280 601 599 
456 599 601 244 345 
457 479 599 345 270 
458 300 603 602 483 
459 603 270 604 602 
460 602 604 301 348 
461 483 602 348 298 
462 299 484 605 606 
463 484 298 347 605 
464 605 347 302 329 
465 606 605 329 269 
466 271 314 607 333 
467 314 248 608 607 
468 607 608 305 609 
469 333 607 609 303 
470 308 330 610 611 
471 330 307 336 610 
472 610 336 310 612 
473 611 610 612 203 
474 268 353 613 318 
475 353 312 614 613 
476 613 614 311 615 
477 318 613 615 309 
478 309 615 616 337 
479 615 311 617 616 
480 616 617 314 618 
481 337 616 618 271 
482 325 620 619 378 
483 620 269 328 619 
484 619 328 308 621 
485 378 619 621 323 
486 323 621 622 392 
487 621 308 611 622 
488 622 611 203 623 
489 392 622 623 326 
490 270 625 624 604 
491 625 345 626 624 
492 624 626 344 351 
493 604 624 351 301 
494 359 434 627 628 
495 434 292 364 627 
496 627 364 267 629 
497 628 627 629 362 
498 360 451 630 631 
499 451 359 628 630 
500 630 628 362 632 
501 631 630 632 156 
502 292 523 633 634 
503 523 365 384 633 
504 633 384 363 635 
505 634 633 635 364 
506 364 635 636 637 
507 635 363 409 636 
508 636 409 366 638 
509 637 636 638 267 
510 372 490 639 418 
511 490 299 606 639 
512 639 606 269 620 
513 418 639 620 325 
514 385 642 640 641 
515 642 291 420 640 
516 640 420 376 413 
517 641 640 413 383 
518 216 447 643 644 
519 643 403 289 645 
520 644 643 645 399 
521 362 629 646 647 
522 629 267 406 646 
523 646 406 321 648 
524 647 646 648 402 
525 444 467 649 650 
526 467 360 631 649 
527 649 631 156 651 
528 650 649 651 447 
529 215 653 652 474 
530 653 450 460 652 
531 652 460 448 654 
532 474 652 654 449 
533 438 656 655 507 
534 656 485 657 655 
535 655 657 374 493 
536 507 655 493 293 
537 495 659 658 511 
538 659 293 660 658 
539 658 660 492 513 
540 511 658 513 494 
541 442 662 661 539 
542 662 501 517 661 
543 661 517 499 663 
544 539 661 663 500 
545 280 665 664 601 
546 665 279 666 664 
547 664 666 262 285 
548 601 664 285 244 
549 156 632 667 668 
550 632 362 647 667 
551 667 647 402 669 
552 668 667 669 403 
553 485 671 670 657 
554 671 477 672 670 
555 670 672 245 489 
556 657 670 489 374 
557 248 598 673 608 
558 598 264 674 673 
559 673 674 593 675 
560 608 673 675 305 
561 447 651 676 677 
562 651 156 668 676 
563 676 668 403 678 
564 677 676 678 643 
565 477 680 679 672 
566 680 476 681 679 
567 679 681 300 482 
568 672 679 482 245 
