2 0.000000 100.000000 205.462523
746 625 
1 -396.914234 0.000000 -402.414234 99.939241 0.002332 -3.490046 -0.000003 
2 473.760905 0.000000 -402.414234 99.939310 0.049598 -3.488223 -0.000004 
3 473.760905 0.000000 415.214234 99.938955 -0.044522 -3.488436 0.000003 
4 -396.914234 0.000000 415.214234 99.938928 -0.002262 -3.490045 0.000003 
5 38.423335 0.000000 6.400000 101.104960 0.078648 -2.209342 -0.022710 
6 -396.914234 0.000000 6.400000 99.939084 0.000013 -3.490098 -0.000000 
7 38.423335 0.000000 -402.414234 99.940936 0.021172 -3.489303 -0.000037 
8 473.760905 0.000000 6.400000 99.967006 -1.160351 -2.690648 -0.000199 
9 38.423335 0.000000 415.214234 99.937314 -0.020167 -3.489330 0.000036 
10 -179.245449 0.000000 -198.007117 99.939704 0.004270 -3.490349 -0.000013 
11 -396.914234 0.000000 -198.007117 99.939183 0.001304 -3.490082 -0.000002 
12 -179.245449 0.000000 -402.414234 99.939709 0.006198 -3.490093 -0.000013 
13 38.423335 0.000000 -198.007117 99.943140 0.034217 -3.488039 -0.000080 
14 -179.245449 0.000000 6.400000 99.939084 -0.000169 -3.490263 -0.000000 
15 256.092120 0.000000 -198.007117 99.940056 0.097464 -3.483087 -0.000016 
16 256.092120 0.000000 -402.414234 99.939833 0.042361 -3.488279 -0.000014 
17 473.760905 0.000000 -198.007117 99.939436 0.107363 -3.482783 -0.000003 
18 256.092120 0.000000 6.400000 100.034676 -22.873010 -0.754940 -0.053068 
19 -179.245449 0.000000 210.807117 99.938470 -0.004365 -3.490336 0.000012 
20 -396.914234 0.000000 210.807117 99.938985 -0.001264 -3.490081 0.000002 
21 38.423335 0.000000 210.807117 99.935085 -0.033375 -3.488087 0.000081 
22 -179.245449 0.000000 415.214234 99.938475 -0.006090 -3.490088 0.000012 
23 -70.411057 0.000000 -95.803559 99.941744 0.009163 -3.491515 -0.000054 
24 -179.245449 0.000000 -95.803559 99.939471 0.002375 -3.490498 -0.000008 
25 -70.411057 0.000000 -198.007117 99.941547 0.010938 -3.490639 -0.000050 
26 38.423335 0.000000 -95.803559 99.963671 0.141073 -3.479214 -0.000486 
27 -70.411057 0.000000 6.400000 99.938877 -0.000865 -3.492636 0.000002 
28 256.092120 0.000000 210.807117 99.938495 -0.085325 -3.483879 0.000015 
29 473.760905 0.000000 210.807117 99.939152 -0.088712 -3.484488 0.000002 
30 256.092120 0.000000 415.214234 99.938420 -0.038931 -3.488385 0.000014 
31 147.257728 0.000000 -95.803559 99.943828 0.187994 -3.462606 -0.000079 
32 147.257728 0.000000 -198.007117 99.941497 0.076446 -3.484161 -0.000045 
33 256.092120 0.000000 -95.803559 99.940524 0.206947 -3.461567 -0.000013 
34 147.257728 0.000000 6.400000 99.996958 0.196418 -1.824323 -0.000276 
35 -70.411057 0.000000 108.603559 99.936442 -0.010063 -3.491338 0.000052 
36 -179.245449 0.000000 108.603559 99.938686 -0.002584 -3.490487 0.000008 
37 38.423335 0.000000 108.603559 99.920003 -0.116375 -3.481627 0.000386 
38 -70.411057 0.000000 210.807117 99.936712 -0.011942 -3.490513 0.000047 
39 -15.993861 0.000000 -44.701779 99.954843 0.045457 -3.498186 -0.000321 
40 -70.411057 0.000000 -44.701779 99.940807 0.006143 -3.492278 -0.000036 
41 -15.993861 0.000000 -95.803559 99.951939 0.038055 -3.492483 -0.000259 
42 38.423335 0.000000 -44.701779 99.969132 0.335344 -3.436805 -0.000575 
43 -15.993861 0.000000 6.400000 99.934507 -0.012393 -3.505969 0.000080 
44 147.257728 0.000000 108.603559 99.937008 -0.152894 -3.466240 0.000056 
45 256.092120 0.000000 108.603559 99.939284 -0.166626 -3.467965 0.000008 
46 147.257728 0.000000 210.807117 99.936006 -0.067651 -3.484003 0.000065 
47 92.840531 0.000000 -44.701779 99.980244 0.360488 -3.383188 -0.000763 
48 92.840531 0.000000 -95.803559 99.955991 0.186165 -3.466735 -0.000325 
49 147.257728 0.000000 -44.701779 99.945660 0.365365 -3.378897 -0.000069 
50 92.840531 0.000000 6.400000 99.984110 -0.026873 -1.665824 0.000040 
51 -15.993861 0.000000 57.501779 99.920757 -0.047903 -3.497584 0.000361 
52 -70.411057 0.000000 57.501779 99.937162 -0.006475 -3.492073 0.000037 
53 38.423335 0.000000 57.501779 99.889799 -0.248301 -3.456791 0.001002 
54 -15.993861 0.000000 108.603559 99.928856 -0.035643 -3.491128 0.000203 
55 11.214737 0.000000 -19.150890 100.044519 0.312137 -3.494760 -0.002122 
56 -15.993861 0.000000 -19.150890 99.949843 0.028129 -3.503400 -0.000225 
57 11.214737 0.000000 -44.701779 100.007754 0.157307 -3.493974 -0.001378 
58 38.423335 0.000000 -19.150890 99.762769 0.675482 -3.220209 0.003656 
59 11.214737 0.000000 6.400000 99.803122 0.000000 -2.582201 0.003267 
60 -288.079842 0.000000 -95.803559 99.939205 0.001124 -3.490202 -0.000003 
61 -396.914234 0.000000 -95.803559 99.939136 0.000677 -3.490094 -0.000001 
62 -288.079842 0.000000 -198.007117 99.939303 0.002157 -3.490168 -0.000005 
63 -288.079842 0.000000 6.400000 99.939082 -0.000020 -3.490215 -0.000000 
64 -124.828253 0.000000 -44.701779 99.939594 0.001902 -3.491156 -0.000011 
65 -179.245449 0.000000 -44.701779 99.939283 0.001069 -3.490565 -0.000004 
66 -124.828253 0.000000 -95.803559 99.940029 0.003919 -3.490991 -0.000020 
67 -124.828253 0.000000 6.400000 99.939042 -0.000333 -3.491126 0.000000 
68 -43.202459 0.000000 -19.150890 99.941590 0.006807 -3.496098 -0.000054 
69 -70.411057 0.000000 -19.150890 99.939939 0.002360 -3.492680 -0.000019 
70 -43.202459 0.000000 -44.701779 99.943642 0.013402 -3.494381 -0.000094 
71 -43.202459 0.000000 6.400000 99.938295 -0.002971 -3.495815 0.000012 
72 92.840531 0.000000 57.501779 99.902460 -0.303522 -3.393609 0.000789 
73 147.257728 0.000000 57.501779 99.938969 -0.296740 -3.402089 0.000054 
74 92.840531 0.000000 108.603559 99.924005 -0.158753 -3.468581 0.000314 
75 11.214737 0.000000 31.950890 99.856293 -0.193792 -3.493802 0.001648 
76 -15.993861 0.000000 31.950890 99.925414 -0.042352 -3.498897 0.000267 
77 38.423335 0.000000 31.950890 99.919839 -0.477908 -3.383119 0.000435 
78 11.214737 0.000000 57.501779 99.895891 -0.133183 -3.487330 0.000863 
79 -2.389562 0.000000 -6.375445 99.997365 0.118981 -3.527867 -0.001193 
80 -15.993861 0.000000 -6.375445 99.943237 0.010340 -3.506057 -0.000094 
81 -2.389562 0.000000 -19.150890 99.982212 0.112514 -3.508970 -0.000877 
82 11.214737 0.000000 -6.375445 100.039283 0.000000 -2.585870 -0.001454 
83 -2.389562 0.000000 6.400000 99.878378 -0.122055 -3.527251 0.001185 
84 65.631933 0.000000 -19.150890 100.246783 0.652376 -3.364468 -0.006116 
85 65.631933 0.000000 -44.701779 100.010806 0.385817 -3.444247 -0.001417 
86 92.840531 0.000000 -19.150890 99.991896 0.512087 -3.097950 -0.000824 
87 65.631933 0.000000 6.400000 98.486051 -0.508839 -0.816295 0.029957 
88 24.819036 0.000000 -6.375445 99.665725 -0.136556 3.646942 0.005342 
89 24.819036 0.000000 -19.150890 100.431239 0.330249 -3.405665 -0.009814 
90 38.423335 0.000000 -6.375445 99.210245 0.387197 -3.234432 0.014672 
91 24.819036 0.000000 6.400000 97.687070 -0.085918 0.992797 0.045624 
92 -288.079842 0.000000 108.603559 99.938961 -0.001152 -3.490200 0.000002 
93 -396.914234 0.000000 108.603559 99.939031 -0.000647 -3.490093 0.000001 
94 -288.079842 0.000000 210.807117 99.938866 -0.002157 -3.490165 0.000004 
95 -124.828253 0.000000 57.501779 99.938499 -0.002592 -3.491127 0.000011 
96 -179.245449 0.000000 57.501779 99.938865 -0.001354 -3.490558 0.000004 
97 -124.828253 0.000000 108.603559 99.938102 -0.004501 -3.490935 0.000019 
98 -43.202459 0.000000 31.950890 99.935280 -0.012123 -3.495543 0.000072 
99 -70.411057 0.000000 31.950890 99.937851 -0.004138 -3.492577 0.000023 
100 -43.202459 0.000000 57.501779 99.934083 -0.016910 -3.493825 0.000097 
101 -2.389562 0.000000 19.175445 99.894756 -0.115610 -3.507810 0.000872 
102 -15.993861 0.000000 19.175445 99.927883 -0.030117 -3.503836 0.000214 
103 11.214737 0.000000 19.175445 99.831040 -0.318302 -3.485940 0.002151 
104 -2.389562 0.000000 31.950890 99.901241 -0.102657 -3.503412 0.000746 
105 4.412588 0.000000 0.012278 99.923440 -0.000266 -0.533474 0.001502 
106 -2.389562 0.000000 0.012278 99.937542 -0.001834 -3.554318 -0.000015 
107 4.412588 0.000000 -6.375445 100.181655 0.730326 -3.333986 -0.004801 
108 11.214737 0.000000 0.012278 99.922841 -0.000328 -0.732137 0.001489 
109 4.412588 0.000000 6.400000 99.691287 -0.731429 -3.333838 0.005000 
110 65.631933 0.000000 31.950890 99.685212 -0.525658 -3.387058 0.005111 
111 92.840531 0.000000 31.950890 99.897935 -0.481158 -3.161256 0.001018 
112 65.631933 0.000000 57.501779 99.863762 -0.308833 -3.442367 0.001528 
113 24.819036 0.000000 19.175445 99.549877 -0.334431 -3.403267 0.007813 
114 38.423335 0.000000 19.175445 100.055644 -0.710896 -3.213875 -0.002197 
115 24.819036 0.000000 31.950890 99.771027 -0.295943 -3.441757 0.003381 
116 18.016887 0.000000 0.012278 99.810682 0.002478 -0.950891 0.003692 
117 18.016887 0.000000 -6.375445 99.918626 0.000000 -2.408051 0.001047 
118 24.819036 0.000000 0.012278 97.507274 -0.188231 1.260051 0.049071 
119 18.016887 0.000000 6.400000 99.713102 0.000000 -2.326423 0.005189 
120 -70.411057 0.000000 -300.210676 99.940894 0.011934 -3.490102 -0.000036 
121 -179.245449 0.000000 -300.210676 99.939756 0.005518 -3.490202 -0.000014 
122 -70.411057 0.000000 -402.414234 99.940364 0.011521 -3.489937 -0.000026 
123 38.423335 0.000000 -300.210676 99.942318 0.026412 -3.488865 -0.000064 
124 -15.993861 0.000000 -146.905338 99.946410 0.025062 -3.490094 -0.000147 
125 -70.411057 0.000000 -146.905338 99.942084 0.010571 -3.491208 -0.000061 
126 -15.993861 0.000000 -198.007117 99.942122 0.020855 -3.489542 -0.000061 
127 38.423335 0.000000 -146.905338 99.948954 0.045963 -3.485346 -0.000194 
128 11.214737 0.000000 -70.252669 99.985663 0.111972 -3.489810 -0.000932 
129 -15.993861 0.000000 -70.252669 99.956096 0.046778 -3.495290 -0.000344 
130 11.214737 0.000000 -95.803559 99.964684 0.085753 -3.488109 -0.000511 
131 38.423335 0.000000 -70.252669 99.983825 0.203149 -3.466517 -0.000882 
132 24.819036 0.000000 -31.926334 100.132352 0.286116 -3.443422 -0.003843 
133 11.214737 0.000000 -31.926334 100.026244 0.189573 -3.499115 -0.001753 
134 24.819036 0.000000 -44.701779 100.045733 0.233140 -3.462379 -0.002119 
135 38.423335 0.000000 -31.926334 99.947457 0.475531 -3.379871 -0.000114 
136 18.016887 0.000000 -12.763167 100.165401 0.520701 -3.498137 -0.004562 
137 11.214737 0.000000 -12.763167 100.045868 0.493587 -3.456567 -0.002137 
138 18.016887 0.000000 -19.150890 100.156808 0.349686 -3.505241 -0.004380 
139 24.819036 0.000000 -12.763167 100.871188 0.360839 -3.374647 -0.018651 
140 14.615812 0.000000 -3.181584 99.982233 -0.000133 -1.914426 -0.000011 
141 11.214737 0.000000 -3.181584 100.006582 -0.000104 -1.678220 -0.000413 
142 14.615812 0.000000 -6.375445 100.011441 0.000000 -2.300712 -0.000758 
143 18.016887 0.000000 -3.181584 99.841490 0.002471 -0.961040 0.003075 
144 14.615812 0.000000 0.012278 99.892648 0.000236 -0.621429 0.002107 
145 18.016887 0.000000 12.787722 99.711704 -0.520357 -3.459771 0.004534 
146 11.214737 0.000000 12.787722 99.821937 -0.496579 -3.447823 0.002345 
147 24.819036 0.000000 12.787722 99.285148 -0.363713 -3.378940 0.013091 
148 18.016887 0.000000 19.175445 99.740063 -0.354500 -3.482962 0.003966 
149 14.615812 0.000000 3.206139 99.828102 -0.000132 -1.912338 0.003069 
150 11.214737 0.000000 3.206139 99.835236 -0.000102 -1.734427 0.002992 
151 18.016887 0.000000 3.206139 99.774733 0.002469 -0.940420 0.004412 
152 14.615812 0.000000 6.400000 99.815090 0.000000 -2.291923 0.003169 
153 52.027634 0.000000 -6.375445 99.846861 0.000000 -2.031548 0.002648 
154 52.027634 0.000000 -19.150890 99.872621 0.775417 -3.486933 0.001270 
155 65.631933 0.000000 -6.375445 100.791682 0.917422 -3.036634 -0.016903 
156 52.027634 0.000000 6.400000 100.239903 0.000000 -2.744173 -0.005557 
157 31.621186 0.000000 0.012278 99.213616 -0.312569 0.175560 0.015653 
158 31.621186 0.000000 -6.375445 99.228376 -0.082586 2.346145 0.014822 
159 38.423335 0.000000 0.012278 101.284390 -0.054145 -1.127692 -0.025980 
160 31.621186 0.000000 6.400000 99.174110 -0.061611 -0.555858 0.016418 
161 52.027634 0.000000 19.175445 100.025215 -0.748499 -3.496442 -0.001783 
162 65.631933 0.000000 19.175445 99.088109 -0.000000 -3.213771 0.017122 
163 52.027634 0.000000 31.950890 99.930364 -0.523296 -3.473243 0.000159 
164 45.225485 0.000000 0.012278 100.154638 0.072314 -1.137569 -0.003225 
165 45.225485 0.000000 -6.375445 99.652135 0.387849 -3.374191 0.005792 
166 52.027634 0.000000 0.012278 100.051662 -0.080117 -0.628003 -0.001074 
167 45.225485 0.000000 6.400000 100.608537 0.000000 -2.417777 -0.012792 
168 147.257728 0.000000 -300.210676 99.941224 0.047083 -3.487291 -0.000041 
169 147.257728 0.000000 -402.414234 99.940514 0.033347 -3.488560 -0.000028 
170 256.092120 0.000000 -300.210676 99.939957 0.060351 -3.486920 -0.000016 
171 92.840531 0.000000 -146.905338 99.945481 0.074850 -3.480807 -0.000122 
172 92.840531 0.000000 -198.007117 99.942968 0.054290 -3.485869 -0.000075 
173 147.257728 0.000000 -146.905338 99.941978 0.110374 -3.478630 -0.000051 
174 65.631933 0.000000 -70.252669 99.979594 0.248190 -3.461615 -0.000796 
175 65.631933 0.000000 -95.803559 99.958706 0.173931 -3.475179 -0.000385 
176 92.840531 0.000000 -70.252669 99.969851 0.250198 -3.442502 -0.000588 
177 52.027634 0.000000 -31.926334 99.933054 0.531147 -3.467548 0.000108 
178 52.027634 0.000000 -44.701779 99.961440 0.388159 -3.455282 -0.000438 
179 65.631933 0.000000 -31.926334 100.078549 0.492642 -3.426788 -0.002770 
180 45.225485 0.000000 -12.763167 99.530384 1.097233 -3.435879 0.008069 
181 38.423335 0.000000 -12.763167 99.413000 0.902132 -3.077370 0.010677 
182 45.225485 0.000000 -19.150890 99.699448 0.788806 -3.416444 0.004773 
183 52.027634 0.000000 -12.763167 99.849342 0.996199 -3.479134 0.001701 
184 364.926512 0.000000 -95.803559 99.940275 0.217414 -3.459428 -0.000007 
185 364.926512 0.000000 -198.007117 99.939566 0.103823 -3.482975 -0.000006 
186 473.760905 0.000000 -95.803559 99.940288 0.226621 -3.456860 -0.000006 
187 364.926512 0.000000 6.400000 99.976471 -0.314800 -2.418621 -0.000124 
188 201.674924 0.000000 -44.701779 99.943675 0.374115 -3.371681 -0.000025 
189 201.674924 0.000000 -95.803559 99.940839 0.198983 -3.462713 -0.000020 
190 256.092120 0.000000 -44.701779 99.943706 0.386009 -3.362118 -0.000020 
191 201.674924 0.000000 6.400000 99.990960 0.007740 -2.002185 -0.000220 
192 120.049130 0.000000 -19.150890 99.958516 0.506728 -3.085242 -0.000148 
193 120.049130 0.000000 -44.701779 99.952034 0.360775 -3.379333 -0.000196 
194 147.257728 0.000000 -19.150890 99.955510 0.508837 -3.063859 -0.000075 
195 120.049130 0.000000 6.400000 99.998022 0.238802 -1.747802 -0.000272 
196 79.236232 0.000000 -6.375445 100.164345 0.382252 -2.496161 -0.003927 
197 79.236232 0.000000 -19.150890 100.118762 0.533569 -3.123760 -0.003381 
198 92.840531 0.000000 -6.375445 99.992176 0.342455 -2.517684 -0.000489 
199 79.236232 0.000000 6.400000 99.906919 -1.425291 -1.763069 0.001347 
200 58.829784 0.000000 0.012278 100.182939 -0.032171 -0.722696 -0.003714 
201 58.829784 0.000000 -6.375445 100.083971 0.000000 -2.728214 -0.002424 
202 65.631933 0.000000 0.012278 102.159207 -0.033223 -0.357087 -0.043663 
203 58.829784 0.000000 6.400000 100.472197 0.000000 -2.307533 -0.009999 
204 48.626560 0.000000 -3.181584 99.852405 -0.037397 -1.327722 0.002773 
205 45.225485 0.000000 -3.181584 99.907681 0.173625 -1.794716 0.001520 
206 48.626560 0.000000 -6.375445 99.747517 0.093644 -1.883140 0.004688 
207 52.027634 0.000000 -3.181584 99.967149 -0.104090 -0.951341 0.000565 
208 48.626560 0.000000 0.012278 100.057926 -0.112091 -0.755347 -0.001217 
209 45.225485 0.000000 12.787722 100.371920 -1.004736 -3.385372 -0.008699 
210 38.423335 0.000000 12.787722 100.312845 -1.021111 -3.036959 -0.007293 
211 52.027634 0.000000 12.787722 100.085822 -0.970259 -3.494651 -0.003033 
212 45.225485 0.000000 19.175445 100.177963 -0.753856 -3.396049 -0.004773 
213 48.626560 0.000000 3.206139 100.211758 -0.072828 -1.493834 -0.004463 
214 45.225485 0.000000 3.206139 100.390981 0.147130 -1.708688 -0.008129 
215 52.027634 0.000000 3.206139 100.161368 -0.091808 -1.352512 -0.003414 
216 48.626560 0.000000 6.400000 100.309457 0.000000 -2.111447 -0.006645 
217 41.824410 0.000000 -3.181584 100.089522 0.186307 -1.892975 -0.002153 
218 38.423335 0.000000 -3.181584 99.850062 0.049642 -2.287237 0.002473 
219 41.824410 0.000000 -6.375445 99.363838 0.412689 -3.566954 0.011393 
220 41.824410 0.000000 0.012278 100.641224 0.096656 -1.392222 -0.013060 
221 21.417961 0.000000 -3.181584 99.708839 -0.026037 -0.501818 0.005789 
222 21.417961 0.000000 -6.375445 99.397355 -0.077170 1.355447 0.011832 
223 24.819036 0.000000 -3.181584 97.817490 -0.191293 1.918346 0.042802 
224 21.417961 0.000000 0.012278 99.226793 -0.046207 0.052486 0.015404 
225 364.926512 0.000000 108.603559 99.939627 -0.165156 -3.469625 0.000001 
226 473.760905 0.000000 108.603559 99.939673 -0.161362 -3.471016 -0.000001 
227 364.926512 0.000000 210.807117 99.939010 -0.088559 -3.484219 0.000005 
228 201.674924 0.000000 57.501779 99.941355 -0.288758 -3.409188 0.000002 
229 256.092120 0.000000 57.501779 99.941503 -0.284498 -3.414642 -0.000004 
230 201.674924 0.000000 108.603559 99.939272 -0.164304 -3.467735 0.000009 
231 120.049130 0.000000 31.950890 99.941982 -0.467676 -3.190387 0.000120 
232 147.257728 0.000000 31.950890 99.946640 -0.458363 -3.211046 0.000015 
233 120.049130 0.000000 57.501779 99.931192 -0.300021 -3.395249 0.000214 
234 79.236232 0.000000 19.175445 99.717407 -1.634931 -2.615148 0.004693 
235 92.840531 0.000000 19.175445 99.924302 -1.350917 -2.632677 0.000638 
236 79.236232 0.000000 31.950890 99.774277 -0.496959 -3.178785 0.003474 
237 72.434083 0.000000 0.012278 101.150369 -0.048141 -0.412155 -0.023157 
238 72.434083 0.000000 -6.375445 100.620454 0.506370 -2.565416 -0.013131 
239 79.236232 0.000000 0.012278 100.098757 -0.203411 -1.855004 -0.002324 
240 72.434083 0.000000 6.400000 100.004012 -0.318859 -0.012500 -0.000090 
241 58.829784 0.000000 12.787722 99.644619 0.000000 -3.526998 0.005851 
242 65.631933 0.000000 12.787722 98.542248 -0.000000 -3.080542 0.027994 
243 58.829784 0.000000 19.175445 99.741812 -0.841903 -3.509371 0.003855 
244 62.230859 0.000000 3.206139 100.858005 -0.198462 -1.686602 -0.017522 
245 58.829784 0.000000 3.206139 100.118752 -0.001020 -2.163901 -0.002845 
246 62.230859 0.000000 0.012278 101.234330 -0.034850 -0.438821 -0.024858 
247 65.631933 0.000000 3.206139 101.996439 -0.339201 -0.471691 -0.040361 
248 62.230859 0.000000 6.400000 98.240992 -0.196911 -2.390810 0.034295 
249 72.434083 0.000000 12.787722 98.982458 -0.675139 -2.103956 0.019759 
250 79.236232 0.000000 12.787722 99.750672 -0.433615 -2.114662 0.004514 
251 72.434083 0.000000 19.175445 99.306065 -1.873419 -2.767830 0.012713 
252 69.033008 0.000000 3.206139 101.487701 -0.218887 -0.343533 -0.029992 
253 69.033008 0.000000 0.012278 101.819333 -0.041648 -0.360092 -0.036731 
254 72.434083 0.000000 3.206139 100.004544 -0.330683 -0.012167 -0.000102 
255 69.033008 0.000000 6.400000 100.009813 -0.527426 -0.006692 -0.000224 
256 62.230859 0.000000 9.593861 98.952484 0.000000 -3.513116 0.019606 
257 58.829784 0.000000 9.593861 99.804692 0.000000 -3.439526 0.002719 
258 65.631933 0.000000 9.593861 97.940717 -0.000000 -2.961114 0.039885 
259 62.230859 0.000000 12.787722 99.211780 0.000000 -3.467857 0.014500 
260 63.931396 0.000000 4.803069 99.030665 -0.450289 -0.653545 0.019230 
261 62.230859 0.000000 4.803069 99.127787 -0.277113 -1.718246 0.017065 
262 63.931396 0.000000 3.206139 101.977121 -0.248935 -0.830512 -0.040008 
263 65.631933 0.000000 4.803069 100.096889 -0.535007 -0.294787 -0.001976 
264 63.931396 0.000000 6.400000 97.306790 -0.282805 -1.461870 0.052917 
265 55.428709 0.000000 3.206139 100.213149 -0.012130 -1.540741 -0.004505 
266 55.428709 0.000000 0.012278 100.074425 -0.026489 -0.771222 -0.001549 
267 55.428709 0.000000 6.400000 100.210584 0.000000 -3.036885 -0.005138 
268 60.530321 0.000000 4.803069 99.945878 -0.110313 -2.485994 0.000463 
269 58.829784 0.000000 4.803069 99.187427 0.000000 -1.694803 0.015898 
270 60.530321 0.000000 3.206139 100.213550 -0.051966 -2.579394 -0.004941 
271 60.530321 0.000000 6.400000 100.266604 0.000000 -2.923662 -0.006194 
272 58.829784 0.000000 -12.763167 100.118500 0.887161 -3.456946 -0.003645 
273 58.829784 0.000000 -19.150890 100.062341 0.737906 -3.469401 -0.002505 
274 65.631933 0.000000 -12.763167 100.417607 0.763730 -3.282957 -0.009506 
275 62.230859 0.000000 -3.181584 100.708132 -0.000000 -2.237921 -0.014714 
276 58.829784 0.000000 -3.181584 100.165477 -0.002453 -2.118303 -0.003761 
277 62.230859 0.000000 -6.375445 100.465444 1.116311 -3.241359 -0.010506 
278 65.631933 0.000000 -3.181584 101.289075 -0.000000 -1.934433 -0.026322 
279 63.931396 0.000000 1.609208 102.627127 -0.103319 -0.747359 -0.053290 
280 62.230859 0.000000 1.609208 101.464361 -0.070226 -1.006271 -0.029603 
281 63.931396 0.000000 0.012278 102.092315 -0.032093 -0.395110 -0.042300 
282 65.631933 0.000000 1.609208 102.546382 -0.088807 -0.504118 -0.051602 
283 63.081127 0.000000 4.004604 105.306351 -0.141556 1.337384 -0.109124 
284 62.230859 0.000000 4.004604 100.693583 -0.147332 -2.116949 -0.014370 
285 63.081127 0.000000 3.206139 101.080979 -0.240080 -1.247140 -0.021898 
286 63.931396 0.000000 4.004604 100.794137 -0.444814 -0.035501 -0.015966 
287 63.081127 0.000000 4.803069 98.975092 -0.336869 -1.196761 0.020239 
288 55.428709 0.000000 9.593861 99.842898 0.000000 -3.349756 0.002017 
289 52.027634 0.000000 9.593861 99.806721 0.000000 -3.346421 0.002742 
290 55.428709 0.000000 12.787722 99.849508 0.000000 -3.499683 0.001783 
291 57.129246 0.000000 4.803069 100.097226 -0.117914 -1.154935 -0.002080 
292 55.428709 0.000000 4.803069 100.401353 -0.032276 -1.978151 -0.008435 
293 57.129246 0.000000 3.206139 100.124233 -0.002237 -1.932046 -0.002859 
294 57.129246 0.000000 6.400000 100.409332 0.000000 -2.431279 -0.008795 
295 60.530321 0.000000 1.609208 100.405965 -0.019656 -1.306838 -0.008307 
296 58.829784 0.000000 1.609208 100.171362 -0.026052 -1.123444 -0.003556 
297 60.530321 0.000000 0.012278 100.426248 -0.035309 -0.605542 -0.008580 
298 59.680053 0.000000 4.004604 99.650739 0.000000 -2.955688 0.006099 
299 58.829784 0.000000 4.004604 99.662257 0.000000 -2.494923 0.006121 
300 59.680053 0.000000 3.206139 100.250203 -0.000000 -2.401808 -0.005587 
301 60.530321 0.000000 4.004604 100.045854 -0.067492 -2.824057 -0.001715 
302 59.680053 0.000000 4.803069 98.972697 0.000000 -2.594447 0.019767 
303 60.530321 0.000000 7.996931 99.533583 0.000000 -3.502457 0.008080 
304 58.829784 0.000000 7.996931 99.881645 0.000000 -3.413965 0.001200 
305 62.230859 0.000000 7.996931 98.589751 -0.000000 -3.441226 0.026822 
306 60.530321 0.000000 9.593861 99.569630 0.000000 -3.534147 0.007340 
307 59.680053 0.000000 5.601535 100.441208 0.000000 -2.541367 -0.009489 
308 58.829784 0.000000 5.601535 100.304369 -0.751767 -1.011669 -0.006256 
309 60.530321 0.000000 5.601535 100.136897 -0.095428 -2.613921 -0.003424 
310 59.680053 0.000000 6.400000 100.485124 0.000000 -2.656407 -0.010432 
311 61.380590 0.000000 5.601535 98.969106 -0.205196 -2.404892 0.019929 
312 61.380590 0.000000 4.803069 99.142817 -0.227238 -2.229399 0.016568 
313 62.230859 0.000000 5.601535 97.948905 -0.258222 -2.046541 0.040176 
314 61.380590 0.000000 6.400000 98.936984 -0.142664 -2.625155 0.020456 
315 60.105187 0.000000 5.202302 99.479042 -0.025304 -1.313222 0.010219 
316 59.680053 0.000000 5.202302 99.122141 -0.703979 -1.038947 0.017323 
317 60.105187 0.000000 4.803069 99.682355 -0.000000 -3.063409 0.005404 
318 60.530321 0.000000 5.202302 100.053762 -0.096716 -2.592607 -0.001749 
319 60.105187 0.000000 5.601535 100.417744 0.000000 -2.700480 -0.009102 
320 57.129246 0.000000 7.996931 99.974739 0.000000 -3.228993 -0.000537 
321 55.428709 0.000000 7.996931 99.901562 0.000000 -3.260691 0.000905 
322 57.129246 0.000000 9.593861 99.833182 0.000000 -3.388280 0.002186 
323 57.979515 0.000000 5.601535 100.136954 -0.852102 -0.847823 -0.002885 
324 57.129246 0.000000 5.601535 100.136037 -0.603747 -0.960489 -0.002851 
325 57.979515 0.000000 4.803069 99.724046 -0.340054 -1.149939 0.005368 
326 57.979515 0.000000 6.400000 100.306333 0.000000 -2.261769 -0.006648 
327 59.254918 0.000000 5.202302 99.797616 -0.586976 -1.016762 0.003906 
328 58.829784 0.000000 5.202302 99.886865 -0.583045 -0.741460 0.002172 
329 59.254918 0.000000 4.803069 99.033988 -0.000000 -2.023634 0.018817 
330 59.254918 0.000000 5.601535 100.321685 -0.518260 -1.245337 -0.006626 
331 59.680053 0.000000 7.198465 100.284034 -0.000000 -2.915929 -0.006539 
332 58.829784 0.000000 7.198465 100.220647 0.000000 -2.801648 -0.005203 
333 60.530321 0.000000 7.198465 100.025700 0.000000 -3.094619 -0.001472 
334 59.680053 0.000000 7.996931 99.767032 0.000000 -3.494141 0.003433 
335 60.105187 0.000000 6.000767 100.855200 0.000000 -2.443386 -0.017774 
336 59.680053 0.000000 6.000767 100.651313 0.000000 -2.492058 -0.013690 
337 60.530321 0.000000 6.000767 100.114075 0.000000 -2.850736 -0.003095 
338 60.105187 0.000000 6.400000 100.511682 0.000000 -2.689580 -0.010983 
339 59.892620 0.000000 5.401918 100.091538 -0.308804 -1.191950 -0.001983 
340 59.680053 0.000000 5.401918 100.067840 -0.517562 -1.364043 -0.001570 
341 59.892620 0.000000 5.202302 99.257069 -0.519191 -0.967500 0.014683 
342 60.105187 0.000000 5.401918 99.679331 -0.037744 -0.746575 0.006347 
343 59.892620 0.000000 5.601535 100.481296 0.000000 -2.603063 -0.010327 
344 61.380590 0.000000 4.004604 99.830122 -0.132435 -2.639590 0.002696 
345 61.380590 0.000000 3.206139 100.626388 -0.099553 -2.409168 -0.013148 
346 60.105187 0.000000 4.403837 100.010741 -0.000000 -3.068181 -0.001156 
347 59.680053 0.000000 4.403837 99.402874 0.000000 -2.943764 0.011040 
348 60.105187 0.000000 4.004604 99.819796 -0.000000 -3.227401 0.002559 
349 60.530321 0.000000 4.403837 100.027591 -0.133030 -2.557379 -0.001208 
350 60.955456 0.000000 4.403837 99.714763 -0.167545 -2.585634 0.005025 
351 60.955456 0.000000 4.004604 99.810715 -0.129293 -2.666666 0.003069 
352 61.380590 0.000000 4.403837 99.380071 -0.208657 -2.430647 0.011765 
353 60.955456 0.000000 4.803069 99.488007 -0.230738 -2.240686 0.009706 
354 60.317754 0.000000 4.603453 100.343976 -0.039056 -2.715166 -0.007629 
355 60.105187 0.000000 4.603453 99.896261 -0.000000 -3.101818 0.001112 
356 60.317754 0.000000 4.403837 100.416157 -0.026629 -2.759096 -0.009102 
357 60.530321 0.000000 4.603453 100.035123 -0.102510 -2.657155 -0.001410 
358 60.317754 0.000000 4.803069 100.279128 -0.030541 -2.731457 -0.006337 
359 53.728172 0.000000 4.803069 100.295593 0.000000 -2.721260 -0.006661 
360 52.027634 0.000000 4.803069 100.248253 0.000000 -2.589258 -0.005642 
361 53.728172 0.000000 3.206139 100.308203 -0.008150 -2.072360 -0.006603 
362 53.728172 0.000000 6.400000 100.271251 0.000000 -2.952240 -0.006304 
363 56.278978 0.000000 5.601535 100.239307 -0.356338 -1.153558 -0.004938 
364 55.428709 0.000000 5.601535 100.273860 -0.075187 -1.064303 -0.005599 
365 56.278978 0.000000 4.803069 100.331756 -0.181050 -1.360312 -0.006834 
366 56.278978 0.000000 6.400000 100.542417 0.000000 -2.787248 -0.011655 
367 55.428709 0.000000 -3.181584 100.016740 -0.016678 -1.401135 -0.000531 
368 55.428709 0.000000 -6.375445 99.918891 0.000000 -2.537249 0.000978 
369 57.129246 0.000000 1.609208 100.075743 -0.029017 -0.921110 -0.001600 
370 55.428709 0.000000 1.609208 100.088524 -0.021164 -0.985851 -0.001868 
371 57.129246 0.000000 0.012278 100.075031 -0.031217 -0.771912 -0.001561 
372 57.979515 0.000000 4.004604 99.799484 -0.000000 -2.202372 0.003521 
373 57.129246 0.000000 4.004604 100.117007 -0.000000 -2.064645 -0.002768 
374 57.979515 0.000000 3.206139 99.969407 -0.001441 -2.221154 0.000118 
375 57.554381 0.000000 5.202302 99.885563 -0.453254 -0.717908 0.002215 
376 57.129246 0.000000 5.202302 100.098095 -0.204191 -0.721980 -0.002019 
377 57.554381 0.000000 4.803069 99.885642 -0.211366 -1.130868 0.002153 
378 57.979515 0.000000 5.202302 99.937482 -0.820396 -0.618893 0.001144 
379 57.554381 0.000000 5.601535 100.085392 -0.664115 -0.899907 -0.001834 
380 56.278978 0.000000 4.004604 100.478033 0.000000 -1.943618 -0.009961 
381 55.428709 0.000000 4.004604 100.342961 -0.002685 -1.728521 -0.007170 
382 56.278978 0.000000 3.206139 100.146743 -0.003392 -2.049620 -0.003357 
383 56.704112 0.000000 5.202302 100.230432 -0.234223 -0.770521 -0.004679 
384 56.278978 0.000000 5.202302 100.221936 -0.426419 -0.875533 -0.004538 
385 56.704112 0.000000 4.803069 100.349941 -0.065851 -1.121850 -0.007137 
386 56.704112 0.000000 5.601535 100.163449 -0.485271 -1.011850 -0.003398 
387 57.979515 0.000000 7.198465 100.169230 0.000000 -2.607464 -0.004067 
388 57.129246 0.000000 7.198465 100.322607 0.000000 -2.723310 -0.007204 
389 57.979515 0.000000 7.996931 99.961409 0.000000 -3.291346 -0.000312 
390 57.554381 0.000000 6.000767 100.395612 -0.095254 -1.311963 -0.008101 
391 57.129246 0.000000 6.000767 100.245706 -0.177983 -1.908165 -0.005287 
392 57.979515 0.000000 6.000767 100.322940 0.000000 -2.165723 -0.006938 
393 57.554381 0.000000 6.400000 100.305244 0.000000 -2.185038 -0.006592 
394 57.341814 0.000000 5.401918 100.157803 -0.306138 -0.728382 -0.003221 
395 57.129246 0.000000 5.401918 100.250247 -0.087880 -0.780449 -0.005073 
396 57.341814 0.000000 5.202302 100.025769 -0.345322 -0.700366 -0.000576 
397 57.554381 0.000000 5.401918 100.042413 -0.440953 -0.737819 -0.000922 
398 57.341814 0.000000 5.601535 100.155814 -0.673745 -1.003628 -0.003265 
399 48.626560 0.000000 9.593861 100.276867 -1.156255 -3.418436 -0.006847 
400 45.225485 0.000000 9.593861 100.484063 -1.229031 -3.363373 -0.010987 
401 48.626560 0.000000 12.787722 100.229309 -0.969396 -3.458981 -0.005882 
402 53.728172 0.000000 7.996931 100.141356 0.000000 -3.133249 -0.003811 
403 52.027634 0.000000 7.996931 100.030017 0.000000 -3.254398 -0.001660 
404 53.728172 0.000000 9.593861 99.808976 0.000000 -3.303967 0.002725 
405 56.278978 0.000000 7.198465 100.386071 0.000000 -3.015337 -0.008646 
406 55.428709 0.000000 7.198465 100.110804 0.000000 -3.124308 -0.003193 
407 56.278978 0.000000 7.996931 99.937418 0.000000 -3.223723 0.000212 
408 56.704112 0.000000 6.000767 100.448170 0.000000 -2.524777 -0.009621 
409 56.278978 0.000000 6.000767 100.499256 0.000000 -2.637650 -0.010706 
410 56.704112 0.000000 6.400000 100.569212 0.000000 -2.583288 -0.012084 
411 56.916679 0.000000 5.401918 100.149253 -0.368128 -0.665890 -0.003045 
412 56.704112 0.000000 5.401918 100.176997 -0.349185 -0.750179 -0.003612 
413 56.916679 0.000000 5.202302 100.166836 -0.187020 -0.659141 -0.003386 
414 56.916679 0.000000 5.601535 100.186593 -0.299686 -0.993597 -0.003843 
415 57.554381 0.000000 4.403837 99.920765 -0.000000 -1.826893 0.001250 
416 57.129246 0.000000 4.403837 100.123369 0.000000 -1.776280 -0.002784 
417 57.554381 0.000000 4.004604 99.949975 -0.000000 -2.107352 0.000556 
418 57.979515 0.000000 4.403837 99.678362 -0.000000 -1.853566 0.006079 
419 57.341814 0.000000 5.002686 99.976360 -0.226564 -0.851341 0.000395 
420 57.129246 0.000000 5.002686 100.119034 -0.171966 -0.825751 -0.002453 
421 57.341814 0.000000 4.803069 99.998613 -0.118128 -1.186238 -0.000114 
422 57.554381 0.000000 5.002686 99.829313 -0.343228 -0.862278 0.003325 
423 57.235530 0.000000 5.302110 100.113107 -0.310667 -0.678562 -0.002319 
424 57.129246 0.000000 5.302110 100.154474 -0.254158 -0.710245 -0.003149 
425 57.235530 0.000000 5.202302 100.049669 -0.293260 -0.674160 -0.001048 
426 57.341814 0.000000 5.302110 100.073976 -0.665145 -0.392791 -0.001540 
427 57.235530 0.000000 5.401918 100.264534 -0.091196 -0.778817 -0.005359 
428 53.728172 0.000000 1.609208 100.134881 -0.045598 -1.244205 -0.002854 
429 52.027634 0.000000 1.609208 100.104835 -0.091550 -0.964829 -0.002192 
430 53.728172 0.000000 0.012278 100.065433 -0.052432 -0.639309 -0.001350 
431 54.578440 0.000000 4.004604 100.816831 -0.003828 -1.999774 -0.016803 
432 53.728172 0.000000 4.004604 100.426536 -0.004223 -2.236664 -0.009049 
433 54.578440 0.000000 3.206139 100.387341 -0.011215 -1.755420 -0.008070 
434 54.578440 0.000000 4.803069 100.619183 0.000000 -2.650489 -0.013125 
435 56.278978 0.000000 2.407673 100.126265 -0.009324 -1.732130 -0.002827 
436 55.428709 0.000000 2.407673 100.152935 -0.015462 -1.377234 -0.003251 
437 56.278978 0.000000 1.609208 100.097000 -0.019656 -1.134404 -0.002070 
438 57.129246 0.000000 2.407673 100.102815 -0.015492 -1.318394 -0.002231 
439 55.853843 0.000000 3.605371 100.262282 -0.004301 -1.753935 -0.005560 
440 55.428709 0.000000 3.605371 100.291655 -0.005842 -1.581109 -0.006092 
441 55.853843 0.000000 3.206139 100.212370 -0.008514 -1.627706 -0.004517 
442 56.278978 0.000000 3.605371 100.288683 -0.001891 -1.917624 -0.006150 
443 55.853843 0.000000 4.004604 100.425026 -0.000648 -1.834581 -0.008855 
444 50.327097 0.000000 4.803069 100.198046 -0.067013 -2.001235 -0.004366 
445 48.626560 0.000000 4.803069 100.288950 -0.118733 -1.732032 -0.006089 
446 50.327097 0.000000 3.206139 100.155713 -0.124681 -1.366167 -0.003305 
447 50.327097 0.000000 6.400000 100.221535 0.000000 -2.403180 -0.005013 
448 52.877903 0.000000 4.004604 100.223849 -0.002444 -2.434152 -0.005075 
449 52.027634 0.000000 4.004604 100.200377 -0.037178 -2.312805 -0.004547 
450 52.877903 0.000000 3.206139 100.170274 -0.037601 -1.724184 -0.003706 
451 52.877903 0.000000 4.803069 100.267846 0.000000 -2.702211 -0.006094 
452 50.327097 0.000000 1.609208 100.095580 -0.140381 -0.909805 -0.001997 
453 48.626560 0.000000 1.609208 100.141306 -0.063583 -1.068263 -0.002943 
454 50.327097 0.000000 0.012278 100.038384 -0.150202 -0.667691 -0.000815 
455 52.877903 0.000000 2.407673 100.148642 -0.073137 -1.252464 -0.003132 
456 52.027634 0.000000 2.407673 100.127379 -0.087441 -1.107637 -0.002673 
457 52.877903 0.000000 1.609208 100.105609 -0.082368 -0.969994 -0.002208 
458 53.728172 0.000000 2.407673 100.184006 -0.011184 -1.685060 -0.003967 
459 53.303037 0.000000 3.605371 100.210762 -0.007011 -2.216386 -0.004711 
460 52.877903 0.000000 3.605371 100.206461 -0.006527 -2.179484 -0.004609 
461 53.303037 0.000000 3.206139 100.208003 -0.011480 -1.844737 -0.004505 
462 53.728172 0.000000 3.605371 100.371414 -0.006399 -2.160517 -0.007909 
463 53.303037 0.000000 4.004604 100.234963 -0.003441 -2.380002 -0.005271 
464 51.177366 0.000000 4.004604 100.171791 -0.113684 -1.764406 -0.003751 
465 50.327097 0.000000 4.004604 100.166768 -0.120813 -1.540530 -0.003577 
466 51.177366 0.000000 3.206139 100.137494 -0.114456 -1.273568 -0.002915 
467 51.177366 0.000000 4.803069 100.214597 0.000000 -2.431282 -0.004888 
468 51.177366 0.000000 2.407673 100.115789 -0.115996 -1.026898 -0.002424 
469 50.327097 0.000000 2.407673 100.128085 -0.132394 -1.115213 -0.002689 
470 51.177366 0.000000 1.609208 100.091355 -0.123587 -0.779356 -0.001890 
471 51.602500 0.000000 3.605371 100.158479 -0.084971 -1.849662 -0.003515 
472 51.177366 0.000000 3.605371 100.156838 -0.119648 -1.554313 -0.003382 
473 51.602500 0.000000 3.206139 100.163011 -0.082482 -1.493419 -0.003487 
474 52.027634 0.000000 3.605371 100.176608 -0.070570 -1.923252 -0.003906 
475 51.602500 0.000000 4.004604 100.198766 -0.076161 -2.196322 -0.004462 
476 59.680053 0.000000 2.407673 100.252260 -0.004944 -2.049315 -0.005472 
477 58.829784 0.000000 2.407673 100.135210 -0.013434 -1.605478 -0.002964 
478 59.680053 0.000000 1.609208 100.304798 -0.016385 -1.365053 -0.006292 
479 60.530321 0.000000 2.407673 100.387590 -0.005989 -2.082260 -0.008200 
480 59.254918 0.000000 3.605371 99.981667 -0.000000 -2.554933 -0.000286 
481 58.829784 0.000000 3.605371 99.983600 0.000000 -2.385853 -0.000241 
482 59.254918 0.000000 3.206139 100.192115 -0.000000 -2.374858 -0.004410 
483 59.680053 0.000000 3.605371 99.957413 0.000000 -2.724565 0.000109 
484 59.254918 0.000000 4.004604 99.605461 -0.000000 -2.736515 0.007126 
485 57.979515 0.000000 2.407673 100.042555 -0.008824 -1.799536 -0.001175 
486 57.979515 0.000000 1.609208 100.072652 -0.014694 -1.350602 -0.001636 
487 58.404650 0.000000 3.605371 99.902430 -0.000000 -2.343807 0.001401 
488 57.979515 0.000000 3.605371 99.952791 -0.000000 -2.235831 0.000444 
489 58.404650 0.000000 3.206139 100.086289 -0.001829 -2.144404 -0.002186 
490 58.404650 0.000000 4.004604 99.679844 -0.000000 -2.319904 0.005855 
491 57.554381 0.000000 3.605371 100.029548 -0.000000 -2.171758 -0.001063 
492 57.129246 0.000000 3.605371 100.120131 -0.000000 -2.129994 -0.002858 
493 57.554381 0.000000 3.206139 100.064684 -0.003069 -2.004627 -0.001696 
494 56.704112 0.000000 3.605371 100.211744 0.000000 -2.155117 -0.004704 
495 56.704112 0.000000 3.206139 100.160969 -0.003481 -1.831865 -0.003558 
496 56.704112 0.000000 4.004604 100.290223 -0.000000 -2.048974 -0.006233 
497 56.704112 0.000000 4.403837 100.362375 0.000000 -1.653387 -0.007534 
498 56.278978 0.000000 4.403837 100.482406 0.000000 -1.643421 -0.009941 
499 56.491545 0.000000 3.804988 100.353788 -0.000000 -2.112926 -0.007535 
500 56.278978 0.000000 3.804988 100.448000 -0.000100 -2.033476 -0.009394 
501 56.491545 0.000000 3.605371 100.272811 -0.000773 -2.007004 -0.005866 
502 56.704112 0.000000 3.804988 100.264374 0.000000 -2.106303 -0.005738 
503 56.491545 0.000000 4.004604 100.413744 0.000000 -1.996519 -0.008691 
504 56.704112 0.000000 2.806906 100.132655 -0.010759 -1.443569 -0.002863 
505 56.278978 0.000000 2.806906 100.126120 -0.005843 -1.942464 -0.002901 
506 56.704112 0.000000 2.407673 100.118375 -0.017720 -1.187980 -0.002510 
507 57.129246 0.000000 2.806906 100.106244 -0.009790 -1.534446 -0.002361 
508 56.491545 0.000000 3.405755 100.187478 -0.003584 -1.849360 -0.004095 
509 56.278978 0.000000 3.405755 100.215266 -0.004624 -1.744043 -0.004614 
510 56.491545 0.000000 3.206139 100.170535 -0.004833 -1.764803 -0.003725 
511 56.704112 0.000000 3.405755 100.174931 -0.002272 -1.921573 -0.003871 
512 56.916679 0.000000 3.804988 100.196297 -0.000000 -2.119903 -0.004379 
513 56.916679 0.000000 3.605371 100.166824 -0.000000 -2.125350 -0.003791 
514 57.129246 0.000000 3.804988 100.115969 -0.000000 -2.115627 -0.002768 
515 56.916679 0.000000 4.004604 100.195766 -0.000000 -2.051887 -0.004340 
516 56.597829 0.000000 3.705180 100.299324 -0.000000 -2.138005 -0.006453 
517 56.491545 0.000000 3.705180 100.333244 -0.000178 -2.075865 -0.007107 
518 56.597829 0.000000 3.605371 100.241750 -0.000329 -2.088312 -0.005277 
519 56.704112 0.000000 3.705180 100.236460 0.000000 -2.127798 -0.005188 
520 56.597829 0.000000 3.804988 100.298814 -0.000000 -2.124605 -0.006437 
521 55.853843 0.000000 4.403837 100.411176 0.000000 -2.192685 -0.008721 
522 55.428709 0.000000 4.403837 100.386802 0.000000 -2.284705 -0.008273 
523 55.853843 0.000000 4.803069 100.314405 -0.168187 -1.431997 -0.006506 
524 56.066411 0.000000 3.804988 100.520627 -0.000355 -2.036982 -0.010855 
525 55.853843 0.000000 3.804988 100.389733 -0.001912 -1.766552 -0.008122 
526 56.066411 0.000000 3.605371 100.355752 -0.002132 -1.794084 -0.007450 
527 56.066411 0.000000 4.004604 100.505197 0.000000 -1.757856 -0.010438 
528 54.578440 0.000000 2.407673 100.180718 -0.013916 -1.545127 -0.003856 
529 54.578440 0.000000 1.609208 100.120648 -0.017875 -1.099072 -0.002535 
530 55.853843 0.000000 2.806906 100.174146 -0.014431 -1.395888 -0.003681 
531 55.428709 0.000000 2.806906 100.182658 -0.014025 -1.469580 -0.003872 
532 55.853843 0.000000 2.407673 100.140782 -0.017329 -1.215174 -0.002965 
533 56.066411 0.000000 3.405755 100.224139 -0.005822 -1.702640 -0.004778 
534 55.853843 0.000000 3.405755 100.231835 -0.006908 -1.667127 -0.004920 
535 56.066411 0.000000 3.206139 100.205133 -0.007306 -1.612644 -0.004367 
536 56.172694 0.000000 3.705180 100.424267 -0.000771 -1.943655 -0.008881 
537 56.066411 0.000000 3.705180 100.440926 -0.001261 -1.914855 -0.009205 
538 56.172694 0.000000 3.605371 100.371166 -0.001936 -1.827110 -0.007771 
539 56.278978 0.000000 3.705180 100.416949 -0.000682 -1.974953 -0.008746 
540 56.172694 0.000000 3.804988 100.477687 -0.000241 -2.015058 -0.009983 
541 106.444831 0.000000 -6.375445 99.977100 0.308106 -2.499897 -0.000176 
542 106.444831 0.000000 -19.150890 99.965444 0.507427 -3.092427 -0.000291 
543 120.049130 0.000000 -6.375445 99.976424 0.269836 -2.477516 -0.000150 
544 106.444831 0.000000 6.400000 99.988274 0.530266 -1.750907 -0.000100 
545 86.038382 0.000000 0.012278 100.010231 -0.228230 -1.925075 -0.000580 
546 86.038382 0.000000 -6.375445 100.028349 0.357976 -2.508269 -0.001209 
547 92.840531 0.000000 0.012278 99.992537 -0.253637 -1.941366 -0.000234 
548 86.038382 0.000000 6.400000 99.971430 -0.032224 -1.621776 0.000308 
549 75.835158 0.000000 3.206139 100.081135 -1.123585 -1.255624 -0.001907 
550 75.835158 0.000000 0.012278 100.282959 -0.193570 -1.746973 -0.005976 
551 79.236232 0.000000 3.206139 100.025137 -1.198263 -1.328764 -0.000823 
552 75.835158 0.000000 6.400000 99.783869 -1.123333 -1.453994 0.003980 
553 69.033008 0.000000 9.593861 97.976884 -0.093042 -1.773744 0.039738 
554 72.434083 0.000000 9.593861 98.907494 -0.974507 -1.478500 0.021417 
555 69.033008 0.000000 12.787722 98.619128 -0.000000 -2.979134 0.026539 
556 70.733546 0.000000 4.803069 100.006666 -0.381796 -0.010700 -0.000148 
557 69.033008 0.000000 4.803069 100.009429 -0.504065 -0.007395 -0.000214 
558 70.733546 0.000000 3.206139 100.716686 -0.255981 -0.224394 -0.014397 
559 72.434083 0.000000 4.803069 100.004417 -0.328254 -0.012240 -0.000099 
560 70.733546 0.000000 6.400000 100.006279 -0.364266 -0.011197 -0.000139 
561 79.236232 0.000000 -31.926334 100.061783 0.449132 -3.324513 -0.002361 
562 79.236232 0.000000 -44.701779 100.012587 0.366326 -3.402356 -0.001423 
563 92.840531 0.000000 -31.926334 99.988201 0.434501 -3.300242 -0.000872 
564 72.434083 0.000000 -12.763167 100.387392 0.610750 -3.003458 -0.008702 
565 72.434083 0.000000 -19.150890 100.240728 0.577464 -3.207902 -0.005883 
566 79.236232 0.000000 -12.763167 100.154510 0.540214 -2.893055 -0.003959 
567 69.033008 0.000000 -3.181584 101.282401 -0.000000 -1.636180 -0.026080 
568 69.033008 0.000000 -6.375445 100.843493 0.687811 -2.753687 -0.017747 
569 72.434083 0.000000 -3.181584 100.712481 0.331139 -2.167405 -0.014781 
570 70.733546 0.000000 1.609208 101.581386 -0.070551 -0.305297 -0.031888 
571 69.033008 0.000000 1.609208 101.981990 -0.054538 -0.324904 -0.040043 
572 70.733546 0.000000 0.012278 101.387935 -0.043458 -0.386778 -0.027966 
573 72.434083 0.000000 1.609208 101.194590 -0.080736 -0.271519 -0.024043 
574 106.444831 0.000000 19.175445 99.950733 -1.177442 -2.670030 0.000134 
575 120.049130 0.000000 19.175445 99.960789 -1.038389 -2.727700 -0.000068 
576 106.444831 0.000000 31.950890 99.932698 -0.473749 -3.178123 0.000313 
577 86.038382 0.000000 12.787722 99.918586 -0.291703 -2.187070 0.001141 
578 92.840531 0.000000 12.787722 99.956489 -0.190422 -2.229482 0.000369 
579 86.038382 0.000000 19.175445 99.876550 -1.472660 -2.614431 0.001567 
580 75.835158 0.000000 9.593861 99.571684 -0.629264 -1.645771 0.008238 
581 79.236232 0.000000 9.593861 99.815743 -0.444940 -1.777066 0.003346 
582 75.835158 0.000000 12.787722 99.487206 -0.534845 -2.066856 0.009774 
583 74.134620 0.000000 4.803069 100.002483 -0.292897 -0.013316 -0.000058 
584 74.134620 0.000000 3.206139 100.002504 -0.293110 -0.013309 -0.000059 
585 75.835158 0.000000 4.803069 99.938196 -0.339320 -1.328484 0.001048 
586 74.134620 0.000000 6.400000 100.001036 -0.279220 -0.013824 -0.000029 
587 71.583814 0.000000 4.004604 100.004439 -0.324466 -0.012343 -0.000099 
588 70.733546 0.000000 4.004604 100.163013 -0.342657 -0.058592 -0.003275 
589 71.583814 0.000000 3.206139 100.389306 -0.290091 -0.128350 -0.007811 
590 72.434083 0.000000 4.004604 100.004407 -0.328054 -0.012246 -0.000099 
591 71.583814 0.000000 4.803069 100.005596 -0.350301 -0.011597 -0.000124 
592 -288.079842 0.000000 -300.210676 99.939361 0.003000 -3.490123 -0.000006 
593 -396.914234 0.000000 -300.210676 99.939218 0.001862 -3.490065 -0.000003 
594 -288.079842 0.000000 -402.414234 99.939384 0.003630 -3.490079 -0.000006 
595 364.926512 0.000000 -300.210676 99.939495 0.065868 -3.486887 -0.000007 
596 364.926512 0.000000 -402.414234 99.939469 0.047089 -3.488231 -0.000007 
597 473.760905 0.000000 -300.210676 99.939333 0.068627 -3.486861 -0.000003 
598 -124.828253 0.000000 -146.905338 99.940179 0.005329 -3.490702 -0.000022 
599 -179.245449 0.000000 -146.905338 99.939614 0.003387 -3.490427 -0.000011 
600 -124.828253 0.000000 -198.007117 99.940271 0.006832 -3.490496 -0.000024 
601 201.674924 0.000000 -146.905338 99.940443 0.127453 -3.478369 -0.000021 
602 201.674924 0.000000 -198.007117 99.940806 0.090099 -3.483214 -0.000031 
603 256.092120 0.000000 -146.905338 99.940155 0.134448 -3.477699 -0.000015 
604 -43.202459 0.000000 -70.252669 99.944683 0.017869 -3.493389 -0.000114 
605 -70.411057 0.000000 -70.252669 99.941396 0.007255 -3.491893 -0.000048 
606 -43.202459 0.000000 -95.803559 99.944527 0.015888 -3.492114 -0.000110 
607 120.049130 0.000000 -70.252669 99.949790 0.252792 -3.441549 -0.000187 
608 120.049130 0.000000 -95.803559 99.947891 0.191067 -3.463766 -0.000162 
609 147.257728 0.000000 -70.252669 99.944292 0.259180 -3.441310 -0.000077 
610 -2.389562 0.000000 -31.926334 99.976983 0.098767 -3.504898 -0.000769 
611 -15.993861 0.000000 -31.926334 99.954686 0.039135 -3.502415 -0.000321 
612 -2.389562 0.000000 -44.701779 99.974060 0.083195 -3.500586 -0.000707 
613 4.412588 0.000000 -12.763167 100.045049 0.334018 -3.476221 -0.002121 
614 -2.389562 0.000000 -12.763167 99.989681 0.122494 -3.513697 -0.001030 
615 4.412588 0.000000 -19.150890 100.015117 0.220870 -3.499024 -0.001532 
616 31.621186 0.000000 -12.763167 100.443665 0.569705 -2.753415 -0.009684 
617 31.621186 0.000000 -19.150890 100.268904 0.467518 -3.153665 -0.006402 
618 4.412588 0.000000 12.787722 99.828862 -0.337248 -3.473771 0.002202 
619 -2.389562 0.000000 12.787722 99.886623 -0.125497 -3.512728 0.001031 
620 4.412588 0.000000 19.175445 99.860824 -0.224188 -3.496032 0.001554 
621 31.621186 0.000000 12.787722 99.405643 -0.631213 -2.894375 0.010974 
622 31.621186 0.000000 19.175445 99.629786 -0.504458 -3.195332 0.006344 
623 21.417961 0.000000 3.206139 99.312682 -0.018168 -0.900680 0.013618 
624 24.819036 0.000000 3.206139 97.333309 -0.191136 0.552605 0.052589 
625 21.417961 0.000000 6.400000 99.428283 0.001931 -1.790654 0.011081 
626 41.824410 0.000000 3.206139 100.743974 0.150684 -1.573915 -0.015185 
627 38.423335 0.000000 3.206139 101.328774 0.026782 -1.699630 -0.027041 
628 41.824410 0.000000 6.400000 101.017930 0.000000 -2.429816 -0.021053 
629 106.444831 0.000000 -31.926334 99.962396 0.432254 -3.297538 -0.000354 
630 106.444831 0.000000 -44.701779 99.960802 0.358797 -3.379720 -0.000371 
631 120.049130 0.000000 -31.926334 99.953536 0.433901 -3.295998 -0.000176 
632 86.038382 0.000000 -12.763167 100.034941 0.520909 -2.880786 -0.001556 
633 86.038382 0.000000 -19.150890 100.032963 0.516546 -3.099754 -0.001647 
634 92.840531 0.000000 -12.763167 99.992860 0.514539 -2.882145 -0.000714 
635 41.824410 0.000000 9.593861 100.653770 -1.295752 -3.201704 -0.014311 
636 38.423335 0.000000 9.593861 100.562459 -1.333260 -2.911930 -0.012307 
637 41.824410 0.000000 12.787722 100.442724 -1.035165 -3.241443 -0.010032 
638 75.835158 0.000000 -3.181584 100.360954 0.157328 -2.159651 -0.007701 
639 75.835158 0.000000 -6.375445 100.347871 0.412301 -2.497286 -0.007610 
640 79.236232 0.000000 -3.181584 100.151967 0.130396 -2.199143 -0.003527 
641 67.332471 0.000000 1.609208 102.462005 -0.058174 -0.348767 -0.049859 
642 67.332471 0.000000 0.012278 102.145172 -0.036037 -0.353337 -0.043376 
643 67.332471 0.000000 3.206139 101.802371 -0.271687 -0.284712 -0.036388 
644 67.332471 0.000000 4.803069 100.532946 -0.548180 -0.080132 -0.010718 
645 67.332471 0.000000 6.400000 99.764179 -0.610326 -0.225799 0.004669 
646 63.931396 0.000000 7.996931 97.468543 -0.000000 -2.851863 0.049175 
647 65.631933 0.000000 7.996931 97.520346 -0.000000 -2.825202 0.048180 
648 63.931396 0.000000 9.593861 98.148210 0.000000 -3.178130 0.035683 
649 63.081127 0.000000 5.601535 96.900778 -0.215774 -1.595816 0.060765 
650 63.931396 0.000000 5.601535 96.975026 -0.226264 -0.990227 0.059481 
651 63.081127 0.000000 6.400000 97.522921 -0.217049 -2.110288 0.048478 
652 61.380590 0.000000 2.407673 100.824969 -0.062792 -1.945838 -0.016946 
653 61.380590 0.000000 1.609208 100.978486 -0.016177 -1.384236 -0.019857 
654 62.230859 0.000000 2.407673 101.297846 -0.145205 -1.411475 -0.026327 
655 60.105187 0.000000 3.605371 100.133850 -0.000000 -2.767468 -0.003445 
656 60.105187 0.000000 3.206139 100.184619 -0.000000 -2.641224 -0.004393 
657 60.530321 0.000000 3.605371 100.110079 -0.055424 -2.762157 -0.002966 
658 59.254918 0.000000 4.403837 99.319305 -0.000000 -2.564731 0.012910 
659 58.829784 0.000000 4.403837 99.347693 0.000000 -2.248496 0.012498 
660 61.380590 0.000000 7.198465 99.077860 0.000000 -3.325958 0.017252 
661 62.230859 0.000000 7.198465 98.193261 -0.121595 -2.683395 0.035087 
662 61.380590 0.000000 7.996931 99.146895 0.000000 -3.516530 0.015753 
663 59.254918 0.000000 6.000767 100.544303 -0.000000 -2.419227 -0.011501 
664 58.829784 0.000000 6.000767 100.648848 -0.000000 -1.940245 -0.013396 
665 59.254918 0.000000 6.400000 100.516546 -0.000000 -2.543228 -0.011004 
666 60.955456 0.000000 5.202302 99.712957 -0.144585 -2.491595 0.005110 
667 61.380590 0.000000 5.202302 99.124290 -0.181306 -2.544943 0.016787 
668 60.955456 0.000000 5.601535 99.814814 -0.133042 -2.505362 0.003071 
669 60.955456 0.000000 6.000767 99.537419 -0.112259 -2.560725 0.008573 
670 61.380590 0.000000 6.000767 99.072508 -0.183667 -2.396819 0.017886 
671 60.955456 0.000000 6.400000 99.782572 -0.046983 -2.903189 0.003501 
672 58.404650 0.000000 5.202302 99.913231 -0.926485 -0.624156 0.001610 
673 58.404650 0.000000 4.803069 99.516821 -0.347089 -1.252032 0.009471 
674 58.404650 0.000000 5.601535 100.229897 -1.203684 -0.935280 -0.004836 
675 58.404650 0.000000 6.000767 100.440405 -0.000000 -2.164863 -0.009296 
676 58.404650 0.000000 6.400000 100.299905 0.000000 -2.327104 -0.006549 
677 60.955456 0.000000 3.605371 100.034088 -0.085648 -2.750047 -0.001439 
678 60.955456 0.000000 3.206139 100.212685 -0.054778 -2.758348 -0.005019 
679 61.380590 0.000000 3.605371 100.161282 -0.111068 -2.641425 -0.003927 
680 54.578440 0.000000 5.601535 100.444462 0.000000 -2.840503 -0.009716 
681 53.728172 0.000000 5.601535 100.275954 0.000000 -2.905551 -0.006371 
682 54.578440 0.000000 6.400000 100.184601 0.000000 -3.038858 -0.004619 
683 52.877903 0.000000 5.601535 100.242901 0.000000 -2.863461 -0.005684 
684 52.027634 0.000000 5.601535 100.253977 0.000000 -2.688535 -0.005809 
685 52.877903 0.000000 6.400000 100.262037 0.000000 -2.838387 -0.006053 
686 55.853843 0.000000 5.202302 100.556668 -0.193277 -0.865752 -0.011243 
687 55.428709 0.000000 5.202302 100.212832 -0.062738 -0.698952 -0.004310 
688 55.853843 0.000000 5.601535 100.334215 -0.205128 -1.302743 -0.006869 
689 55.853843 0.000000 6.000767 100.437623 0.000000 -2.773619 -0.009541 
690 55.428709 0.000000 6.000767 100.378811 0.000000 -2.874154 -0.008417 
691 55.853843 0.000000 6.400000 100.394890 0.000000 -2.948093 -0.008783 
692 58.404650 0.000000 4.403837 99.468735 -0.000000 -1.974430 0.010207 
693 56.916679 0.000000 5.002686 100.217393 -0.107715 -0.873586 -0.004430 
694 56.704112 0.000000 5.002686 100.295136 -0.149339 -0.864310 -0.005988 
695 56.916679 0.000000 4.803069 100.228356 -0.061935 -1.163050 -0.004708 
696 50.327097 0.000000 7.996931 100.239134 0.000000 -2.500973 -0.005414 
697 48.626560 0.000000 7.996931 100.271690 0.000000 -2.163235 -0.005909 
698 50.327097 0.000000 9.593861 100.196760 -1.144933 -3.432628 -0.005248 
699 54.578440 0.000000 7.198465 100.172202 0.000000 -3.060577 -0.004384 
700 53.728172 0.000000 7.198465 100.210921 0.000000 -3.035630 -0.005144 
701 54.578440 0.000000 7.996931 100.038306 0.000000 -3.189337 -0.001783 
702 51.177366 0.000000 5.601535 100.215371 0.000000 -2.568492 -0.004972 
703 50.327097 0.000000 5.601535 100.225526 0.000000 -2.428690 -0.005105 
704 51.177366 0.000000 6.400000 100.216655 0.000000 -2.578112 -0.005002 
705 52.452769 0.000000 3.605371 100.177366 -0.051041 -2.089173 -0.003987 
706 52.452769 0.000000 3.206139 100.166013 -0.078244 -1.409759 -0.003522 
707 52.452769 0.000000 4.004604 100.201283 -0.001642 -2.485846 -0.004648 
708 57.554381 0.000000 2.806906 100.064240 -0.007889 -1.811643 -0.001613 
709 57.554381 0.000000 2.407673 100.065771 -0.013196 -1.513936 -0.001545 
710 57.979515 0.000000 2.806906 100.005108 -0.004633 -2.044470 -0.000520 
711 56.916679 0.000000 3.405755 100.165275 -0.000041 -2.109738 -0.003753 
712 56.916679 0.000000 3.206139 100.141874 -0.002914 -1.811111 -0.003168 
713 57.129246 0.000000 3.405755 100.141825 -0.000000 -2.155525 -0.003303 
714 56.385261 0.000000 3.705180 100.366662 -0.000470 -2.057147 -0.007770 
715 56.385261 0.000000 3.605371 100.297426 -0.001451 -1.964100 -0.006343 
716 56.385261 0.000000 3.804988 100.414146 0.000000 -2.066144 -0.008727 
717 74.134620 0.000000 1.609208 100.393782 -0.420314 -1.389234 -0.008102 
718 74.134620 0.000000 0.012278 100.497317 -0.192795 -1.672642 -0.010255 
719 75.835158 0.000000 1.609208 100.196415 -0.389769 -1.527154 -0.004181 
720 67.332471 0.000000 7.996931 97.268416 -0.000000 -2.657183 0.053179 
721 69.033008 0.000000 7.996931 97.758053 -0.015047 -1.274705 0.044174 
722 67.332471 0.000000 9.593861 97.933494 -0.000000 -2.854645 0.040088 
723 70.733546 0.000000 7.996931 98.334493 0.031941 -1.153039 0.032900 
724 72.434083 0.000000 7.996931 98.962845 0.073616 -1.186088 0.020494 
725 70.733546 0.000000 9.593861 98.416257 -1.327644 -1.506408 0.031021 
726 74.134620 0.000000 7.996931 99.421724 0.110088 -1.337620 0.011352 
727 75.835158 0.000000 7.996931 99.661887 0.135623 -1.475928 0.006531 
728 74.134620 0.000000 9.593861 99.312882 -0.773320 -1.553483 0.013394 
729 63.081127 0.000000 2.407673 101.951534 -0.167969 -1.038697 -0.039522 
730 63.081127 0.000000 1.609208 101.871248 -0.114794 -0.781891 -0.037838 
731 63.931396 0.000000 2.407673 103.263964 -0.102849 -0.907466 -0.066428 
732 52.877903 0.000000 7.198465 100.162331 0.000000 -3.073329 -0.004194 
733 52.027634 0.000000 7.198465 100.213447 0.000000 -2.918990 -0.005126 
734 52.877903 0.000000 7.996931 100.099401 0.000000 -3.217732 -0.003024 
735 58.404650 0.000000 2.806906 100.092107 -0.006469 -1.932692 -0.002217 
736 58.404650 0.000000 2.407673 100.092515 -0.012941 -1.690418 -0.002137 
737 58.829784 0.000000 2.806906 100.123948 -0.008528 -1.802460 -0.002805 
738 63.081127 0.000000 7.198465 97.695441 -0.182255 -2.360523 0.045000 
739 63.931396 0.000000 7.198465 97.828623 -0.263802 -1.860825 0.042603 
740 63.081127 0.000000 7.996931 97.898031 -0.000000 -3.194243 0.040577 
741 51.177366 0.000000 7.198465 100.209193 0.000000 -2.644961 -0.004888 
742 50.327097 0.000000 7.198465 100.231881 0.000000 -2.356781 -0.005198 
743 51.177366 0.000000 7.996931 100.207427 0.000000 -2.792386 -0.004933 
744 59.254918 0.000000 2.806906 100.182028 -0.006743 -1.873922 -0.003995 
745 59.254918 0.000000 2.407673 100.185782 -0.011631 -1.646598 -0.003990 
746 59.680053 0.000000 2.806906 100.204489 -0.000933 -2.446111 -0.004692 
1 19 21 9 22 
2 20 19 22 4 
3 28 29 3 30 
4 21 28 30 9 
5 35 37 21 38 
6 36 35 38 19 
7 44 45 28 46 
8 37 44 46 21 
9 51 53 37 54 
10 52 51 54 35 
11 11 62 60 61 
12 62 10 24 60 
13 60 24 14 63 
14 61 60 63 6 
15 24 66 64 65 
16 66 23 40 64 
17 64 40 27 67 
18 65 64 67 14 
19 40 70 68 69 
20 70 39 56 68 
21 68 56 43 71 
22 69 68 71 27 
23 72 73 44 74 
24 53 72 74 37 
25 75 77 53 78 
26 76 75 78 51 
27 56 81 79 80 
28 80 79 83 43 
29 6 63 92 93 
30 63 14 36 92 
31 92 36 19 94 
32 93 92 94 20 
33 14 67 95 96 
34 67 27 52 95 
35 95 52 35 97 
36 96 95 97 36 
37 27 71 98 99 
38 71 43 76 98 
39 98 76 51 100 
40 99 98 100 52 
41 43 83 101 102 
42 101 103 75 104 
43 102 101 104 76 
44 79 107 105 106 
45 107 82 108 105 
46 105 108 59 109 
47 106 105 109 83 
48 110 111 72 112 
49 77 110 112 53 
50 113 114 77 115 
51 103 113 115 75 
52 12 122 120 121 
53 122 7 123 120 
54 120 123 13 25 
55 121 120 25 10 
56 25 126 124 125 
57 126 13 127 124 
58 124 127 26 41 
59 125 124 41 23 
60 41 130 128 129 
61 130 26 131 128 
62 128 131 42 57 
63 129 128 57 39 
64 57 134 132 133 
65 134 42 135 132 
66 132 135 58 89 
67 133 132 89 55 
68 55 138 136 137 
69 138 89 139 136 
70 136 139 88 117 
71 137 136 117 82 
72 82 142 140 141 
73 142 117 143 140 
74 140 143 116 144 
75 141 140 144 108 
76 59 119 145 146 
77 119 91 147 145 
78 145 147 113 148 
79 146 145 148 103 
80 108 144 149 150 
81 144 116 151 149 
82 149 151 119 152 
83 150 149 152 59 
84 88 158 157 118 
85 158 90 159 157 
86 157 159 5 160 
87 118 157 160 91 
88 161 162 110 163 
89 114 161 163 77 
90 7 169 168 123 
91 169 16 170 168 
92 168 170 15 32 
93 123 168 32 13 
94 13 172 171 127 
95 172 32 173 171 
96 171 173 31 48 
97 127 171 48 26 
98 26 175 174 131 
99 175 48 176 174 
100 174 176 47 85 
101 131 174 85 42 
102 42 178 177 135 
103 178 85 179 177 
104 177 179 84 154 
105 135 177 154 58 
106 58 182 180 181 
107 182 154 183 180 
108 180 183 153 165 
109 181 180 165 90 
110 15 185 184 33 
111 185 17 186 184 
112 184 186 8 187 
113 33 184 187 18 
114 31 189 188 49 
115 189 33 190 188 
116 188 190 18 191 
117 49 188 191 34 
118 193 49 194 192 
119 192 194 34 195 
120 165 206 204 205 
121 206 153 207 204 
122 204 207 166 208 
123 205 204 208 164 
124 209 211 161 212 
125 210 209 212 114 
126 164 208 213 214 
127 214 213 216 167 
128 90 219 217 218 
129 219 165 205 217 
130 217 205 164 220 
131 218 217 220 159 
132 117 222 221 143 
133 222 88 223 221 
134 221 223 118 224 
135 143 221 224 116 
136 18 187 225 45 
137 187 8 226 225 
138 225 226 29 227 
139 45 225 227 28 
140 34 191 228 73 
141 191 18 229 228 
142 228 229 45 230 
143 73 228 230 44 
144 195 34 232 231 
145 231 232 73 233 
146 111 231 233 72 
147 234 235 111 236 
148 162 234 236 110 
149 241 242 162 243 
150 211 241 243 161 
151 249 250 234 251 
152 242 249 251 162 
153 256 258 242 259 
154 257 256 259 241 
155 262 247 263 260 
156 260 263 87 264 
157 154 273 272 183 
158 273 84 274 272 
159 272 274 155 201 
160 183 272 201 153 
161 201 277 275 276 
162 277 155 278 275 
163 275 278 202 246 
164 276 275 246 200 
165 246 281 279 280 
166 281 202 282 279 
167 279 282 247 262 
168 244 285 283 284 
169 285 262 286 283 
170 283 286 260 287 
171 284 283 287 261 
172 288 257 241 290 
173 289 288 290 211 
174 200 297 295 296 
175 297 246 280 295 
176 303 305 256 306 
177 304 303 306 257 
178 312 261 313 311 
179 311 313 248 314 
180 302 317 315 316 
181 317 268 318 315 
182 315 318 309 319 
183 320 304 257 322 
184 321 320 322 288 
185 269 329 327 328 
186 329 302 316 327 
187 327 316 307 330 
188 328 327 330 308 
189 203 310 331 332 
190 310 271 333 331 
191 331 333 303 334 
192 332 331 334 304 
193 307 319 335 336 
194 319 309 337 335 
195 335 337 271 338 
196 336 335 338 310 
197 316 341 339 340 
198 341 315 342 339 
199 339 342 319 343 
200 340 339 343 307 
201 345 244 284 344 
202 344 284 261 312 
203 298 348 346 347 
204 348 301 349 346 
205 347 346 317 302 
206 301 351 350 349 
207 351 344 352 350 
208 350 352 312 353 
209 349 350 353 268 
210 346 356 354 355 
211 356 349 357 354 
212 354 357 268 358 
213 355 354 358 317 
214 153 368 367 207 
215 368 201 276 367 
216 367 276 200 266 
217 207 367 266 166 
218 266 371 369 370 
219 371 200 296 369 
220 377 325 378 375 
221 375 378 323 379 
222 365 385 383 384 
223 384 383 386 363 
224 294 326 387 388 
225 326 203 332 387 
226 387 332 304 389 
227 388 387 389 320 
228 324 379 390 391 
229 379 323 392 390 
230 390 392 326 393 
231 391 390 393 294 
232 396 375 397 394 
233 394 397 379 398 
234 395 394 398 324 
235 167 216 399 400 
236 399 289 211 401 
237 400 399 401 209 
238 402 321 288 404 
239 403 402 404 289 
240 267 366 405 406 
241 366 294 388 405 
242 405 388 320 407 
243 406 405 407 321 
244 363 386 408 409 
245 386 324 391 408 
246 408 391 294 410 
247 409 408 410 366 
248 383 413 411 412 
249 413 376 395 411 
250 411 395 324 414 
251 412 411 414 386 
252 373 417 415 416 
253 417 372 418 415 
254 415 418 325 377 
255 416 415 377 291 
256 291 421 419 420 
257 421 377 422 419 
258 419 422 375 396 
259 420 419 396 376 
260 376 425 423 424 
261 425 396 426 423 
262 423 426 394 427 
263 424 423 427 395 
264 166 430 428 429 
265 430 266 370 428 
266 361 433 431 432 
267 433 265 381 431 
268 431 381 292 434 
269 432 431 434 359 
270 370 437 435 436 
271 437 369 438 435 
272 265 441 439 440 
273 440 439 443 381 
274 213 446 444 445 
275 445 444 447 216 
276 448 432 359 451 
277 449 448 451 360 
278 208 454 452 453 
279 454 166 429 452 
280 453 452 446 213 
281 429 457 455 456 
282 457 428 458 455 
283 455 458 361 450 
284 456 455 450 215 
285 450 461 459 460 
286 461 361 462 459 
287 459 462 432 463 
288 460 459 463 448 
289 446 466 464 465 
290 464 449 360 467 
291 465 464 467 444 
292 452 470 468 469 
293 470 429 456 468 
294 468 456 215 466 
295 469 468 466 446 
296 466 473 471 472 
297 473 215 474 471 
298 471 474 449 475 
299 472 471 475 464 
300 296 478 476 477 
301 478 295 479 476 
302 476 479 270 300 
303 245 482 480 481 
304 482 300 483 480 
305 480 483 298 484 
306 481 480 484 299 
307 369 486 485 438 
308 486 296 477 485 
309 374 489 487 488 
310 489 245 481 487 
311 487 481 299 490 
312 488 487 490 372 
313 293 493 491 492 
314 493 374 488 491 
315 491 488 372 417 
316 492 491 417 373 
317 380 496 497 498 
318 496 373 416 497 
319 497 416 291 385 
320 498 497 385 365 
321 499 502 496 503 
322 500 499 503 380 
323 435 506 504 505 
324 506 438 507 504 
325 504 507 293 495 
326 505 504 495 382 
327 382 510 508 509 
328 510 495 511 508 
329 508 511 494 501 
330 509 508 501 442 
331 494 513 512 502 
332 513 492 514 512 
333 512 514 373 515 
334 502 512 515 496 
335 501 518 516 517 
336 518 494 519 516 
337 516 519 502 520 
338 517 516 520 499 
339 381 443 521 522 
340 443 380 498 521 
341 521 498 365 523 
342 522 521 523 292 
343 439 526 524 525 
344 524 500 380 527 
345 525 524 527 443 
346 428 529 528 458 
347 529 370 436 528 
348 528 436 265 433 
349 458 528 433 361 
350 436 532 530 531 
351 532 435 505 530 
352 530 505 382 441 
353 531 530 441 265 
354 441 535 533 534 
355 535 382 509 533 
356 533 509 442 526 
357 534 533 526 439 
358 526 538 536 537 
359 538 442 539 536 
360 536 539 500 540 
361 537 536 540 524 
362 86 542 541 198 
363 542 192 543 541 
364 541 543 195 544 
365 198 541 544 50 
366 196 546 545 239 
367 546 198 547 545 
368 545 547 50 548 
369 239 545 548 199 
370 550 239 551 549 
371 549 551 199 552 
372 553 554 249 555 
373 258 553 555 242 
374 252 558 556 557 
375 556 559 240 560 
376 557 556 560 255 
377 85 562 561 179 
378 562 47 563 561 
379 561 563 86 197 
380 179 561 197 84 
381 84 565 564 274 
382 565 197 566 564 
383 564 566 196 238 
384 274 564 238 155 
385 155 568 567 278 
386 568 238 569 567 
387 567 569 237 253 
388 278 567 253 202 
389 253 572 570 571 
390 572 237 573 570 
391 570 573 254 558 
392 571 570 558 252 
393 50 544 574 235 
394 544 195 575 574 
395 574 575 231 576 
396 235 574 576 111 
397 199 548 577 250 
398 548 50 578 577 
399 577 578 235 579 
400 250 577 579 234 
401 552 199 581 580 
402 580 581 250 582 
403 554 580 582 249 
404 254 584 583 559 
405 584 549 585 583 
406 583 585 552 586 
407 559 583 586 240 
408 558 589 587 588 
409 589 254 590 587 
410 587 590 559 591 
411 588 587 591 556 
412 1 594 592 593 
413 594 12 121 592 
414 592 121 10 62 
415 593 592 62 11 
416 16 596 595 170 
417 596 2 597 595 
418 595 597 17 185 
419 170 595 185 15 
420 10 600 598 599 
421 600 25 125 598 
422 598 125 23 66 
423 599 598 66 24 
424 32 602 601 173 
425 602 15 603 601 
426 601 603 33 189 
427 173 601 189 31 
428 23 606 604 605 
429 606 41 129 604 
430 604 129 39 70 
431 605 604 70 40 
432 48 608 607 176 
433 608 31 609 607 
434 607 609 49 193 
435 176 607 193 47 
436 39 612 610 611 
437 612 57 133 610 
438 610 133 55 81 
439 611 610 81 56 
440 81 615 613 614 
441 615 55 137 613 
442 613 137 82 107 
443 614 613 107 79 
444 89 617 616 139 
445 617 58 181 616 
446 616 181 90 158 
447 139 616 158 88 
448 83 109 618 619 
449 109 59 146 618 
450 618 146 103 620 
451 619 618 620 101 
452 91 160 621 147 
453 160 5 210 621 
454 621 210 114 622 
455 147 621 622 113 
456 116 224 623 151 
457 224 118 624 623 
458 623 624 91 625 
459 151 623 625 119 
460 159 220 626 627 
461 220 164 214 626 
462 626 214 167 628 
463 627 626 628 5 
464 47 630 629 563 
465 630 193 631 629 
466 629 631 192 542 
467 563 629 542 86 
468 197 633 632 566 
469 633 86 634 632 
470 632 634 198 546 
471 566 632 546 196 
472 5 628 635 636 
473 628 167 400 635 
474 635 400 209 637 
475 636 635 637 210 
476 238 639 638 569 
477 639 196 640 638 
478 638 640 239 550 
479 569 638 550 237 
480 202 642 641 282 
481 642 253 571 641 
482 641 571 252 643 
483 282 641 643 247 
484 247 643 644 263 
485 643 252 557 644 
486 644 557 255 645 
487 263 644 645 87 
488 264 87 647 646 
489 646 647 258 648 
490 305 646 648 256 
491 261 287 649 313 
492 287 260 650 649 
493 649 650 264 651 
494 313 649 651 248 
495 295 653 652 479 
496 653 280 654 652 
497 652 654 244 345 
498 479 652 345 270 
499 300 656 655 483 
500 656 270 657 655 
501 655 657 301 348 
502 483 655 348 298 
503 299 484 658 659 
504 484 298 347 658 
505 658 347 302 329 
506 659 658 329 269 
507 271 314 660 333 
508 314 248 661 660 
509 660 661 305 662 
510 333 660 662 303 
511 308 330 663 664 
512 330 307 336 663 
513 663 336 310 665 
514 664 663 665 203 
515 268 353 666 318 
516 353 312 667 666 
517 666 667 311 668 
518 318 666 668 309 
519 309 668 669 337 
520 668 311 670 669 
521 669 670 314 671 
522 337 669 671 271 
523 325 673 672 378 
524 673 269 328 672 
525 672 328 308 674 
526 378 672 674 323 
527 323 674 675 392 
528 674 308 664 675 
529 675 664 203 676 
530 392 675 676 326 
531 270 678 677 657 
532 678 345 679 677 
533 677 679 344 351 
534 657 677 351 301 
535 359 434 680 681 
536 434 292 364 680 
537 680 364 267 682 
538 681 680 682 362 
539 360 451 683 684 
540 451 359 681 683 
541 683 681 362 685 
542 684 683 685 156 
543 292 523 686 687 
544 523 365 384 686 
545 686 384 363 688 
546 687 686 688 364 
547 364 688 689 690 
548 688 363 409 689 
549 689 409 366 691 
550 690 689 691 267 
551 372 490 692 418 
552 490 299 659 692 
553 692 659 269 673 
554 418 692 673 325 
555 385 695 693 694 
556 695 291 420 693 
557 693 420 376 413 
558 694 693 413 383 
559 216 447 696 697 
560 696 403 289 698 
561 697 696 698 399 
562 362 682 699 700 
563 682 267 406 699 
564 699 406 321 701 
565 700 699 701 402 
566 444 467 702 703 
567 467 360 684 702 
568 702 684 156 704 
569 703 702 704 447 
570 215 706 705 474 
571 706 450 460 705 
572 705 460 448 707 
573 474 705 707 449 
574 438 709 708 507 
575 709 485 710 708 
576 708 710 374 493 
577 507 708 493 293 
578 495 712 711 511 
579 712 293 713 711 
580 711 713 492 513 
581 511 711 513 494 
582 442 715 714 539 
583 715 501 517 714 
584 714 517 499 716 
585 539 714 716 500 
586 237 718 717 573 
587 718 550 719 717 
588 717 719 549 584 
589 573 717 584 254 
590 87 645 720 647 
591 645 255 721 720 
592 720 721 553 722 
593 647 720 722 258 
594 255 560 723 721 
595 560 240 724 723 
596 723 724 554 725 
597 721 723 725 553 
598 240 586 726 724 
599 586 552 727 726 
600 726 727 580 728 
601 724 726 728 554 
602 280 730 729 654 
603 730 279 731 729 
604 729 731 262 285 
605 654 729 285 244 
606 156 685 732 733 
607 685 362 700 732 
608 732 700 402 734 
609 733 732 734 403 
610 485 736 735 710 
611 736 477 737 735 
612 735 737 245 489 
613 710 735 489 374 
614 248 651 738 661 
615 651 264 739 738 
616 738 739 646 740 
617 661 738 740 305 
618 447 704 741 742 
619 704 156 733 741 
620 741 733 403 743 
621 742 741 743 696 
622 477 745 744 737 
623 745 476 746 744 
624 744 746 300 482 
625 737 744 482 245 
