2 0.000000 100.000000 205.462523
681 568 
1 -396.914234 0.000000 -402.414234 99.754214 0.001404 6.976779 0.000042 
2 473.760905 0.000000 -402.414234 99.755593 0.035227 6.950791 0.000051 
3 473.760905 0.000000 415.214234 99.760816 -0.040163 6.944468 -0.000045 
4 -396.914234 0.000000 415.214234 99.758820 -0.001747 6.976723 -0.000050 
5 38.423335 0.000000 6.400000 107.485674 0.102701 -0.015716 -0.155318 
6 -396.914234 0.000000 6.400000 99.756569 -0.000183 6.977458 -0.000006 
7 38.423335 0.000000 -402.414234 99.729835 0.013280 6.962998 0.000548 
8 473.760905 0.000000 6.400000 99.955051 0.441775 4.135368 -0.000831 
9 38.423335 0.000000 415.214234 99.783225 -0.014401 6.962741 -0.000517 
10 -179.245449 0.000000 -198.007117 99.747839 0.001921 6.980258 0.000164 
11 -396.914234 0.000000 -198.007117 99.755093 0.000677 6.977258 0.000024 
12 -179.245449 0.000000 -402.414234 99.747467 0.003539 6.976941 0.000177 
13 38.423335 0.000000 -198.007117 99.635668 0.013431 6.925179 0.002478 
14 -179.245449 0.000000 6.400000 99.757328 -0.000348 6.984780 -0.000031 
15 256.092120 0.000000 -198.007117 99.753039 0.069255 6.875351 0.000206 
16 256.092120 0.000000 -402.414234 99.748266 0.030640 6.949133 0.000199 
17 473.760905 0.000000 -198.007117 99.760666 0.070073 6.890253 0.000033 
18 256.092120 0.000000 6.400000 100.107432 0.400089 1.954363 -0.002548 
19 -179.245449 0.000000 210.807117 99.765990 -0.002594 6.979902 -0.000197 
20 -396.914234 0.000000 210.807117 99.758011 -0.001037 6.977219 -0.000034 
21 38.423335 0.000000 210.807117 99.870473 -0.016309 6.926703 -0.002209 
22 -179.245449 0.000000 415.214234 99.765756 -0.004122 6.976686 -0.000188 
23 -70.411057 0.000000 -95.803559 99.721704 0.000754 6.995884 0.000664 
24 -179.245449 0.000000 -95.803559 99.751376 0.001228 6.982132 0.000091 
25 -70.411057 0.000000 -198.007117 99.720948 0.002686 6.981238 0.000699 
26 38.423335 0.000000 -95.803559 99.303439 0.079215 6.781172 0.009284 
27 -70.411057 0.000000 6.400000 99.761587 -0.000376 7.005937 -0.000146 
28 256.092120 0.000000 210.807117 99.773834 -0.076088 6.857501 -0.000185 
29 473.760905 0.000000 210.807117 99.767179 -0.088287 6.840862 -0.000030 
30 256.092120 0.000000 415.214234 99.767569 -0.032970 6.946791 -0.000183 
31 147.257728 0.000000 -95.803559 99.741072 0.137389 6.578939 0.000842 
32 147.257728 0.000000 -198.007117 99.716469 0.052509 6.864996 0.000949 
33 256.092120 0.000000 -95.803559 99.772577 0.138697 6.637527 0.000136 
34 147.257728 0.000000 6.400000 100.159178 0.097909 1.204872 -0.003332 
35 -70.411057 0.000000 108.603559 99.796194 -0.002112 6.993307 -0.000819 
36 -179.245449 0.000000 108.603559 99.762904 -0.001960 6.981872 -0.000138 
37 38.423335 0.000000 108.603559 100.127563 -0.071968 6.809712 -0.007191 
38 -70.411057 0.000000 210.807117 99.792961 -0.003946 6.979642 -0.000735 
39 -15.993861 0.000000 -44.701779 99.621287 -0.017877 7.057481 0.002579 
40 -70.411057 0.000000 -44.701779 99.737016 0.000461 7.003363 0.000348 
41 -15.993861 0.000000 -95.803559 99.611208 0.002172 7.002189 0.002858 
42 38.423335 0.000000 -44.701779 98.260736 0.191741 6.308469 0.030499 
43 -15.993861 0.000000 6.400000 99.793757 0.009087 7.097425 -0.000917 
44 147.257728 0.000000 108.603559 99.826387 -0.133956 6.560242 -0.000836 
45 256.092120 0.000000 108.603559 99.794170 -0.160925 6.516297 -0.000136 
46 147.257728 0.000000 210.807117 99.801031 -0.054714 6.866346 -0.000740 
47 92.840531 0.000000 -44.701779 99.667375 0.273164 5.623578 0.003472 
48 92.840531 0.000000 -95.803559 99.613038 0.134809 6.555807 0.003425 
49 147.257728 0.000000 -44.701779 99.810984 0.270706 5.793293 0.000413 
50 92.840531 0.000000 6.400000 100.054712 -0.886062 1.245594 -0.001328 
51 -15.993861 0.000000 57.501779 99.924697 0.005628 7.043608 -0.003456 
52 -70.411057 0.000000 57.501779 99.784292 -0.000686 7.001612 -0.000593 
53 38.423335 0.000000 57.501779 100.865628 -0.136751 6.488723 -0.021600 
54 -15.993861 0.000000 108.603559 99.901831 -0.006307 6.990784 -0.002925 
55 11.214737 0.000000 -19.150890 99.211666 -0.511704 7.247883 0.010425 
56 -15.993861 0.000000 -19.150890 99.685811 -0.027121 7.088522 0.001249 
57 11.214737 0.000000 -44.701779 99.179162 -0.057114 7.083054 0.011332 
58 38.423335 0.000000 -19.150890 95.421185 0.520523 4.673214 0.087269 
59 11.214737 0.000000 6.400000 100.201738 0.000000 5.450433 -0.007010 
60 -288.079842 0.000000 -95.803559 99.754904 0.000445 6.978714 0.000026 
61 -396.914234 0.000000 -95.803559 99.755786 0.000255 6.977410 0.000010 
62 -288.079842 0.000000 -198.007117 99.753442 0.001095 6.978266 0.000055 
63 -288.079842 0.000000 6.400000 99.756726 -0.000241 6.978864 -0.000011 
64 -124.828253 0.000000 -44.701779 99.750235 0.000154 6.990287 0.000103 
65 -179.245449 0.000000 -44.701779 99.754145 0.000157 6.982713 0.000035 
66 -124.828253 0.000000 -95.803559 99.743684 0.000823 6.988336 0.000236 
67 -124.828253 0.000000 6.400000 99.758180 -0.000440 6.989080 -0.000054 
68 -43.202459 0.000000 -19.150890 99.736075 -0.001388 7.032418 0.000326 
69 -70.411057 0.000000 -19.150890 99.748718 -0.000641 7.005405 0.000112 
70 -43.202459 0.000000 -44.701779 99.710167 -0.001795 7.024015 0.000855 
71 -43.202459 0.000000 6.400000 99.768014 -0.000727 7.033089 -0.000312 
72 92.840531 0.000000 57.501779 100.000785 -0.240548 5.808283 -0.003395 
73 147.257728 0.000000 57.501779 99.868739 -0.264250 5.724258 -0.000660 
74 92.840531 0.000000 108.603559 99.934829 -0.124124 6.593718 -0.003046 
75 11.214737 0.000000 31.950890 100.397294 0.177926 7.142044 -0.013066 
76 -15.993861 0.000000 31.950890 99.888751 0.022473 7.081725 -0.002791 
77 38.423335 0.000000 31.950890 102.328176 -0.314742 5.831386 -0.050516 
78 11.214737 0.000000 57.501779 100.316202 0.005088 7.019124 -0.011261 
79 -2.389562 0.000000 -6.375445 99.606711 -0.228502 7.207123 0.002651 
80 -15.993861 0.000000 -6.375445 99.736676 -0.013709 7.098051 0.000221 
81 -2.389562 0.000000 -19.150890 99.558377 -0.172957 7.152677 0.003694 
82 11.214737 0.000000 -6.375445 99.463944 0.000000 5.453272 0.007719 
83 -2.389562 0.000000 6.400000 99.941142 0.223240 7.204706 -0.004019 
84 65.631933 0.000000 -19.150890 99.195972 0.372865 3.749609 0.014596 
85 65.631933 0.000000 -44.701779 99.197080 0.253959 5.596372 0.012856 
86 92.840531 0.000000 -19.150890 99.817517 0.438149 3.929688 0.002083 
87 65.631933 0.000000 6.400000 101.074850 0.003274 0.550132 -0.021643 
88 24.819036 0.000000 -6.375445 95.359850 -0.149536 5.569378 0.087546 
89 24.819036 0.000000 -19.150890 97.184156 -0.199003 7.336184 0.050138 
90 38.423335 0.000000 -6.375445 95.446876 0.352304 -2.777324 0.088206 
91 24.819036 0.000000 6.400000 105.410715 -0.100436 7.160365 -0.116270 
92 -288.079842 0.000000 108.603559 99.758513 -0.000925 6.978653 -0.000046 
93 -396.914234 0.000000 108.603559 99.757344 -0.000621 6.977389 -0.000021 
94 -288.079842 0.000000 210.807117 99.759888 -0.001565 6.978163 -0.000073 
95 -124.828253 0.000000 57.501779 99.766040 -0.001022 6.989815 -0.000212 
96 -179.245449 0.000000 57.501779 99.760304 -0.000825 6.982568 -0.000087 
97 -124.828253 0.000000 108.603559 99.771924 -0.001744 6.987524 -0.000326 
98 -43.202459 0.000000 31.950890 99.798127 -0.000719 7.029447 -0.000908 
99 -70.411057 0.000000 31.950890 99.773946 -0.000154 7.004311 -0.000390 
100 -43.202459 0.000000 57.501779 99.820023 -0.000565 7.020395 -0.001332 
101 -2.389562 0.000000 19.175445 99.985045 0.167721 7.147060 -0.004812 
102 -15.993861 0.000000 19.175445 99.843789 0.022693 7.087210 -0.001901 
103 11.214737 0.000000 19.175445 100.368387 0.503570 7.217756 -0.012616 
104 -2.389562 0.000000 31.950890 100.027714 0.090019 7.114207 -0.005616 
105 4.412588 0.000000 0.012278 99.811873 -0.000876 1.101460 0.003638 
106 -2.389562 0.000000 0.012278 99.774730 -0.001858 7.263330 -0.000775 
107 4.412588 0.000000 -6.375445 99.197538 -1.488057 6.871029 0.011042 
108 11.214737 0.000000 0.012278 99.824881 -0.000500 1.542087 0.003262 
109 4.412588 0.000000 6.400000 100.369934 1.474033 6.868615 -0.012347 
110 65.631933 0.000000 31.950890 100.640570 -0.321457 4.658302 -0.015033 
111 92.840531 0.000000 31.950890 100.039497 -0.371236 4.496107 -0.002825 
112 65.631933 0.000000 57.501779 100.374513 -0.214482 5.919307 -0.011013 
113 24.819036 0.000000 19.175445 102.261714 0.194131 7.192666 -0.050923 
114 38.423335 0.000000 19.175445 104.245484 -0.552784 4.714153 -0.088965 
115 24.819036 0.000000 31.950890 101.454392 -0.006154 6.952311 -0.034133 
116 18.016887 0.000000 0.012278 100.001600 -0.003383 2.066778 -0.000459 
117 18.016887 0.000000 -6.375445 99.508017 0.000000 5.204915 0.007106 
118 24.819036 0.000000 0.012278 105.278530 -0.209411 2.112062 -0.108807 
119 18.016887 0.000000 6.400000 100.502825 0.000000 5.097428 -0.012680 
120 -70.411057 0.000000 -300.210676 99.730142 0.005729 6.975601 0.000524 
121 -179.245449 0.000000 -300.210676 99.746886 0.002864 6.978345 0.000186 
122 -70.411057 0.000000 -402.414234 99.737820 0.006536 6.973861 0.000373 
123 38.423335 0.000000 -300.210676 99.708959 0.015140 6.953409 0.000977 
124 -15.993861 0.000000 -146.905338 99.647333 0.003857 6.977711 0.002172 
125 -70.411057 0.000000 -146.905338 99.714671 0.001567 6.989715 0.000813 
126 -15.993861 0.000000 -198.007117 99.673113 0.004825 6.971112 0.001667 
127 38.423335 0.000000 -146.905338 99.557382 0.017288 6.888043 0.004088 
128 11.214737 0.000000 -70.252669 99.318144 0.012726 6.984370 0.008712 
129 -15.993861 0.000000 -70.252669 99.593630 -0.002313 7.031674 0.003166 
130 11.214737 0.000000 -95.803559 99.437642 0.023302 6.956499 0.006376 
131 38.423335 0.000000 -70.252669 99.003687 0.112714 6.640347 0.015416 
132 24.819036 0.000000 -31.926334 98.069064 -0.005371 7.009048 0.033333 
133 11.214737 0.000000 -31.926334 99.153416 -0.185154 7.166576 0.011721 
134 24.819036 0.000000 -44.701779 98.583688 0.041956 6.896318 0.023370 
135 38.423335 0.000000 -31.926334 97.298372 0.310148 5.871051 0.049846 
136 18.016887 0.000000 -12.763167 98.780337 -0.973391 7.471430 0.018568 
137 11.214737 0.000000 -12.763167 99.296491 -0.941230 7.214065 0.008728 
138 18.016887 0.000000 -19.150890 98.648559 -0.481127 7.394903 0.021355 
139 24.819036 0.000000 -12.763167 96.497326 -0.460274 7.680071 0.062907 
140 14.615812 0.000000 -3.181584 99.588295 -0.000169 4.075693 0.006556 
141 11.214737 0.000000 -3.181584 99.586535 -0.000118 3.523099 0.007011 
142 14.615812 0.000000 -6.375445 99.519045 0.000000 4.889418 0.007205 
143 18.016887 0.000000 -3.181584 99.854212 -0.003412 2.083424 0.002480 
144 14.615812 0.000000 0.012278 99.882475 -0.000784 1.325943 0.002173 
145 18.016887 0.000000 12.787722 100.875779 0.968847 7.373597 -0.023123 
146 11.214737 0.000000 12.787722 100.305536 0.932551 7.187954 -0.011374 
147 24.819036 0.000000 12.787722 102.841808 0.455378 7.424752 -0.063177 
148 18.016887 0.000000 19.175445 100.937893 0.472960 7.315291 -0.024220 
149 14.615812 0.000000 3.206139 100.142447 -0.000167 4.076712 -0.004513 
150 11.214737 0.000000 3.206139 100.074395 -0.000114 3.640248 -0.002814 
151 18.016887 0.000000 3.206139 100.157103 -0.003409 2.057756 -0.003568 
152 14.615812 0.000000 6.400000 100.184856 0.000000 4.870756 -0.006073 
153 52.027634 0.000000 -6.375445 99.294533 0.000000 0.578159 0.014026 
154 52.027634 0.000000 -19.150890 98.170260 0.432612 3.582021 0.034958 
155 65.631933 0.000000 -6.375445 99.201145 0.135446 1.994854 0.015514 
156 52.027634 0.000000 6.400000 100.775552 0.000000 1.036809 -0.015679 
157 31.621186 0.000000 0.012278 107.503277 -0.285890 -0.517297 -0.155730 
158 31.621186 0.000000 -6.375445 92.485270 -0.040048 1.637674 0.144379 
159 38.423335 0.000000 0.012278 105.809874 -0.023759 -1.274922 -0.119736 
160 31.621186 0.000000 6.400000 108.776948 -0.029383 3.326161 -0.184349 
161 52.027634 0.000000 19.175445 101.720054 -0.395344 3.462095 -0.035911 
162 65.631933 0.000000 19.175445 100.953918 -0.000000 3.156442 -0.020166 
163 52.027634 0.000000 31.950890 101.416769 -0.321747 4.892260 -0.030940 
164 45.225485 0.000000 0.012278 100.593504 0.099000 -0.556874 -0.011937 
165 45.225485 0.000000 -6.375445 98.598912 0.272803 -1.947470 0.027439 
166 52.027634 0.000000 0.012278 100.057379 -0.014255 0.172790 -0.001151 
167 45.225485 0.000000 6.400000 102.688207 0.000000 -0.069216 -0.054487 
168 147.257728 0.000000 -300.210676 99.730322 0.032821 6.930488 0.000583 
169 147.257728 0.000000 -402.414234 99.737908 0.023303 6.951947 0.000402 
170 256.092120 0.000000 -300.210676 99.748721 0.043488 6.928758 0.000218 
171 92.840531 0.000000 -146.905338 99.642154 0.047689 6.793143 0.002529 
172 92.840531 0.000000 -198.007117 99.670981 0.037455 6.877274 0.001840 
173 147.257728 0.000000 -146.905338 99.718021 0.079251 6.782707 0.001030 
174 65.631933 0.000000 -70.252669 99.330675 0.167444 6.307384 0.009361 
175 65.631933 0.000000 -95.803559 99.451896 0.116169 6.609818 0.006562 
176 92.840531 0.000000 -70.252669 99.609771 0.185411 6.259909 0.003867 
177 52.027634 0.000000 -31.926334 98.338157 0.328611 5.013479 0.030436 
178 52.027634 0.000000 -44.701779 98.674116 0.243708 5.766590 0.023011 
179 65.631933 0.000000 -31.926334 99.167730 0.315109 4.902484 0.014163 
180 45.225485 0.000000 -12.763167 96.638467 0.723783 2.274975 0.065531 
181 38.423335 0.000000 -12.763167 93.927161 0.800564 3.172266 0.116698 
182 45.225485 0.000000 -19.150890 96.845308 0.529424 3.734118 0.060676 
183 52.027634 0.000000 -12.763167 98.386910 0.462385 2.534209 0.031338 
184 364.926512 0.000000 -95.803559 99.774849 0.133308 6.680031 0.000034 
185 364.926512 0.000000 -198.007117 99.759137 0.071028 6.883536 0.000073 
186 473.760905 0.000000 -95.803559 99.773754 0.126474 6.713171 0.000012 
187 364.926512 0.000000 6.400000 100.020247 0.492091 3.203227 -0.001455 
188 201.674924 0.000000 -44.701779 99.821086 0.256501 5.921744 0.000062 
189 201.674924 0.000000 -95.803559 99.764790 0.139222 6.609555 0.000328 
190 256.092120 0.000000 -44.701779 99.818250 0.244118 6.023724 -0.000003 
191 201.674924 0.000000 6.400000 100.147061 0.171240 1.386830 -0.003139 
192 120.049130 0.000000 -19.150890 99.915890 0.431912 4.165116 -0.000072 
193 120.049130 0.000000 -44.701779 99.780157 0.275004 5.710712 0.001123 
194 147.257728 0.000000 -19.150890 99.923951 0.419267 4.369072 -0.000406 
195 120.049130 0.000000 6.400000 100.145750 -0.650749 1.230754 -0.003111 
196 79.236232 0.000000 -6.375445 99.772759 0.420472 1.939316 0.004146 
197 79.236232 0.000000 -19.150890 99.624121 0.425893 3.817263 0.006028 
198 92.840531 0.000000 -6.375445 99.954994 0.436208 2.136939 0.000424 
199 79.236232 0.000000 6.400000 100.097699 -1.069368 1.105844 -0.002192 
200 58.829784 0.000000 0.012278 99.846392 -0.015274 0.307794 0.003060 
201 58.829784 0.000000 -6.375445 99.575417 0.000000 1.170659 0.008337 
202 65.631933 0.000000 0.012278 98.629822 -0.007095 0.174239 0.027213 
203 58.829784 0.000000 6.400000 100.213419 0.000000 1.345352 -0.004454 
204 48.626560 0.000000 -3.181584 99.404497 0.030128 -0.163764 0.011872 
205 45.225485 0.000000 -3.181584 99.581539 0.133351 -0.950392 0.008260 
206 48.626560 0.000000 -6.375445 98.969904 0.056536 -0.257279 0.020489 
207 52.027634 0.000000 -3.181584 99.756267 -0.013747 0.273481 0.004861 
208 48.626560 0.000000 0.012278 100.262337 0.023200 -0.127962 -0.005255 
209 45.225485 0.000000 12.787722 103.430581 -0.643489 2.374932 -0.070394 
210 38.423335 0.000000 12.787722 105.788826 -0.905306 3.436381 -0.120390 
211 52.027634 0.000000 12.787722 101.586257 -0.400839 2.470055 -0.032603 
212 45.225485 0.000000 19.175445 103.038821 -0.500271 3.711771 -0.063103 
213 48.626560 0.000000 3.206139 100.975050 0.007261 0.077131 -0.019597 
214 45.225485 0.000000 3.206139 101.629616 0.110795 -0.526007 -0.032887 
215 52.027634 0.000000 3.206139 100.390058 -0.012123 0.433228 -0.007835 
216 48.626560 0.000000 6.400000 101.451905 0.000000 0.318816 -0.029259 
217 41.824410 0.000000 -3.181584 100.210611 0.155464 -1.548547 -0.004459 
218 38.423335 0.000000 -3.181584 98.533160 0.069255 -2.810224 0.028331 
219 41.824410 0.000000 -6.375445 96.995675 0.329462 -2.653407 0.058469 
220 41.824410 0.000000 0.012278 102.613132 0.092034 -1.005940 -0.053048 
221 21.417961 0.000000 -3.181584 99.068442 -0.035704 4.057836 0.016898 
222 21.417961 0.000000 -6.375445 98.565759 -0.095364 5.866598 0.025036 
223 24.819036 0.000000 -3.181584 103.098009 -0.210632 1.941732 -0.063301 
224 21.417961 0.000000 0.012278 101.650206 -0.063988 2.082745 -0.033711 
225 364.926512 0.000000 108.603559 99.794973 -0.175914 6.447470 -0.000064 
226 473.760905 0.000000 108.603559 99.800195 -0.191092 6.358927 -0.000055 
227 364.926512 0.000000 210.807117 99.768293 -0.083424 6.850131 -0.000064 
228 201.674924 0.000000 57.501779 99.860137 -0.280342 5.598961 -0.000347 
229 256.092120 0.000000 57.501779 99.866900 -0.298377 5.444610 -0.000313 
230 201.674924 0.000000 108.603559 99.801953 -0.150777 6.539940 -0.000322 
231 120.049130 0.000000 31.950890 99.962269 -0.390693 4.418075 -0.001213 
232 147.257728 0.000000 31.950890 99.957107 -0.410729 4.278693 -0.000990 
233 120.049130 0.000000 57.501779 99.896915 -0.254558 5.771098 -0.001276 
234 79.236232 0.000000 19.175445 100.249992 -1.322458 3.247522 -0.006236 
235 92.840531 0.000000 19.175445 99.966272 -3.058505 5.556896 -0.003349 
236 79.236232 0.000000 31.950890 100.235481 -0.353956 4.520971 -0.006772 
237 72.434083 0.000000 0.012278 99.225160 0.007628 0.186575 0.015433 
238 72.434083 0.000000 -6.375445 99.416890 0.357198 1.860089 0.011269 
239 79.236232 0.000000 0.012278 99.913715 0.042768 1.030400 0.001619 
240 72.434083 0.000000 6.400000 100.050907 -0.310610 -0.005732 -0.001028 
241 58.829784 0.000000 12.787722 100.844375 0.000000 2.703392 -0.017690 
242 65.631933 0.000000 12.787722 101.217166 -0.000000 2.653492 -0.025196 
243 58.829784 0.000000 19.175445 101.015179 -0.385300 3.505854 -0.021651 
244 62.230859 0.000000 3.206139 99.621099 0.013286 0.863834 0.007489 
245 58.829784 0.000000 3.206139 100.115613 -0.000350 0.988691 -0.002411 
246 62.230859 0.000000 0.012278 99.204279 -0.013364 0.212200 0.015847 
247 65.631933 0.000000 3.206139 98.883732 -0.004685 0.194947 0.022197 
248 62.230859 0.000000 6.400000 101.280882 0.013190 1.468087 -0.025997 
249 72.434083 0.000000 12.787722 100.784755 0.112286 2.120316 -0.016208 
250 79.236232 0.000000 12.787722 100.231266 -0.225972 2.184774 -0.005113 
251 72.434083 0.000000 19.175445 100.621119 -1.037271 3.225573 -0.013609 
252 69.033008 0.000000 3.206139 99.133184 -0.084232 0.129882 0.017259 
253 69.033008 0.000000 0.012278 98.814991 0.001530 0.171673 0.023557 
254 72.434083 0.000000 3.206139 100.052305 -0.304813 -0.005921 -0.001056 
255 69.033008 0.000000 6.400000 100.078487 -0.204406 -0.008898 -0.001575 
256 62.230859 0.000000 9.593861 101.009679 0.000000 2.476491 -0.020909 
257 58.829784 0.000000 9.593861 100.727687 0.000000 2.313581 -0.015142 
258 65.631933 0.000000 9.593861 101.530413 -0.000000 2.229438 -0.031340 
259 62.230859 0.000000 12.787722 100.962800 0.000000 2.793382 -0.020129 
260 63.931396 0.000000 4.803069 100.714202 0.009861 0.343190 -0.014347 
261 62.230859 0.000000 4.803069 100.681020 0.015281 0.932198 -0.013754 
262 63.931396 0.000000 3.206139 98.930248 0.009830 0.380151 0.021266 
263 65.631933 0.000000 4.803069 100.057592 -0.017435 0.133649 -0.001154 
264 63.931396 0.000000 6.400000 101.791813 0.010436 0.937823 -0.036245 
265 55.428709 0.000000 3.206139 100.203648 -0.008319 0.607799 -0.004114 
266 55.428709 0.000000 0.012278 99.949882 -0.015690 0.277325 0.000994 
267 55.428709 0.000000 6.400000 100.601729 0.000000 1.503555 -0.012297 
268 60.530321 0.000000 4.803069 100.262471 0.005744 1.302890 -0.005426 
269 58.829784 0.000000 4.803069 100.745049 0.000000 0.858006 -0.015030 
270 60.530321 0.000000 3.206139 100.048204 0.002707 1.321291 -0.001139 
271 60.530321 0.000000 6.400000 100.236731 0.000000 1.768869 -0.005053 
272 58.829784 0.000000 -12.763167 99.056789 0.339259 2.844967 0.017954 
273 58.829784 0.000000 -19.150890 98.884156 0.386211 3.677601 0.020825 
274 65.631933 0.000000 -12.763167 99.240221 0.364020 2.961948 0.014247 
275 62.230859 0.000000 -3.181584 99.341757 -0.000000 1.124049 0.012995 
276 58.829784 0.000000 -3.181584 99.623423 -0.000923 0.940991 0.007429 
277 62.230859 0.000000 -6.375445 99.314788 0.029485 1.999327 0.013257 
278 65.631933 0.000000 -3.181584 99.035397 -0.000000 1.002326 0.019099 
279 63.931396 0.000000 1.609208 98.461791 -0.002872 0.339339 0.030516 
280 62.230859 0.000000 1.609208 99.156831 -0.003578 0.496469 0.016768 
281 63.931396 0.000000 0.012278 98.696251 -0.005097 0.186710 0.025902 
282 65.631933 0.000000 1.609208 98.471423 -0.003807 0.221791 0.030333 
283 63.081127 0.000000 4.004604 97.049511 0.006245 -0.846971 0.058068 
284 62.230859 0.000000 4.004604 99.763455 0.008130 1.152066 0.004593 
285 63.081127 0.000000 3.206139 99.475090 0.013108 0.622142 0.010432 
286 63.931396 0.000000 4.004604 99.661844 0.005781 -0.035730 0.006752 
287 63.081127 0.000000 4.803069 100.757349 0.014815 0.641224 -0.015245 
288 55.428709 0.000000 9.593861 100.834825 0.000000 2.079753 -0.017199 
289 52.027634 0.000000 9.593861 100.934194 0.000000 1.912869 -0.019137 
290 55.428709 0.000000 12.787722 100.810173 0.000000 2.466432 -0.016877 
291 57.129246 0.000000 4.803069 100.338125 -0.031633 0.548235 -0.006804 
292 55.428709 0.000000 4.803069 100.371014 -0.055407 0.860526 -0.007508 
293 57.129246 0.000000 3.206139 100.202969 -0.000862 0.792397 -0.004126 
294 57.129246 0.000000 6.400000 100.379462 0.000000 1.338630 -0.007783 
295 60.530321 0.000000 1.609208 99.806200 -0.008153 0.641800 0.003831 
296 58.829784 0.000000 1.609208 99.956406 -0.012919 0.509405 0.000846 
297 60.530321 0.000000 0.012278 99.691804 -0.015526 0.288987 0.006146 
298 59.680053 0.000000 4.004604 100.461854 0.000000 1.504529 -0.009485 
299 58.829784 0.000000 4.004604 100.454787 0.000000 1.218557 -0.009265 
300 59.680053 0.000000 3.206139 100.029978 -0.000000 1.166301 -0.000736 
301 60.530321 0.000000 4.004604 100.183998 0.003514 1.474117 -0.003901 
302 59.680053 0.000000 4.803069 100.851388 0.000000 1.363942 -0.017286 
303 60.530321 0.000000 7.996931 100.720394 0.000000 2.277343 -0.014978 
304 58.829784 0.000000 7.996931 100.652112 0.000000 2.164663 -0.013553 
305 62.230859 0.000000 7.996931 101.176145 -0.000000 2.282959 -0.024182 
306 60.530321 0.000000 9.593861 100.763903 0.000000 2.430924 -0.015927 
307 59.680053 0.000000 5.601535 100.131512 0.000000 1.413457 -0.002832 
308 58.829784 0.000000 5.601535 100.221365 -0.215512 0.547668 -0.004467 
309 60.530321 0.000000 5.601535 100.221553 0.004970 1.477964 -0.004654 
310 59.680053 0.000000 6.400000 100.151959 0.000000 1.583262 -0.003292 
311 61.380590 0.000000 5.601535 100.838914 0.014917 1.372606 -0.017037 
312 61.380590 0.000000 4.803069 100.698408 0.016473 1.216542 -0.014165 
313 62.230859 0.000000 5.601535 101.412611 0.017288 1.185105 -0.028592 
314 61.380590 0.000000 6.400000 100.914857 0.009363 1.591428 -0.018634 
315 60.105187 0.000000 5.202302 100.600220 -0.008427 0.711157 -0.012091 
316 59.680053 0.000000 5.202302 100.809904 -0.187737 0.560793 -0.016299 
317 60.105187 0.000000 4.803069 100.448407 -0.000000 1.618418 -0.009250 
318 60.530321 0.000000 5.202302 100.242514 0.005037 1.419244 -0.005058 
319 60.105187 0.000000 5.601535 100.112338 0.000000 1.512593 -0.002477 
320 57.129246 0.000000 7.996931 100.695272 0.000000 1.965229 -0.014340 
321 55.428709 0.000000 7.996931 100.843800 0.000000 1.848606 -0.017289 
322 57.129246 0.000000 9.593861 100.806433 0.000000 2.198513 -0.016677 
323 57.979515 0.000000 5.601535 100.374877 -0.248338 0.447888 -0.007538 
324 57.129246 0.000000 5.601535 100.435214 -0.162386 0.470887 -0.008748 
325 57.979515 0.000000 4.803069 100.529921 -0.098028 0.528540 -0.010655 
326 57.979515 0.000000 6.400000 100.378285 0.000000 1.290192 -0.007746 
327 59.254918 0.000000 5.202302 100.468786 -0.163374 0.538127 -0.009429 
328 58.829784 0.000000 5.202302 100.419818 -0.165652 0.390351 -0.008432 
329 59.254918 0.000000 4.803069 100.837125 -0.000000 1.030495 -0.016919 
330 59.254918 0.000000 5.601535 100.203266 -0.143937 0.673409 -0.004117 
331 59.680053 0.000000 7.198465 100.295637 -0.000000 1.772442 -0.006236 
332 58.829784 0.000000 7.198465 100.413862 0.000000 1.691920 -0.008581 
333 60.530321 0.000000 7.198465 100.394360 0.000000 1.903766 -0.008265 
334 59.680053 0.000000 7.996931 100.672732 0.000000 2.278966 -0.014019 
335 60.105187 0.000000 6.000767 99.915325 0.000000 1.426550 0.001489 
336 59.680053 0.000000 6.000767 100.041156 0.000000 1.439910 -0.001031 
337 60.530321 0.000000 6.000767 100.311668 0.000000 1.686800 -0.006528 
338 60.105187 0.000000 6.400000 100.122410 0.000000 1.605083 -0.002707 
339 59.892620 0.000000 5.401918 100.269173 -0.077484 0.651445 -0.005434 
340 59.680053 0.000000 5.401918 100.296354 -0.138026 0.743439 -0.005993 
341 59.892620 0.000000 5.202302 100.722377 -0.130248 0.522148 -0.014529 
342 60.105187 0.000000 5.401918 100.496581 -0.012277 0.408181 -0.009973 
343 59.892620 0.000000 5.601535 100.093068 0.000000 1.452198 -0.002073 
344 61.380590 0.000000 4.004604 100.281506 0.009599 1.440109 -0.005845 
345 61.380590 0.000000 3.206139 99.778475 0.007234 1.267330 0.004265 
346 60.105187 0.000000 4.403837 100.269163 -0.000000 1.608393 -0.005649 
347 59.680053 0.000000 4.403837 100.592082 0.000000 1.505186 -0.012103 
348 60.105187 0.000000 4.004604 100.362685 -0.000000 1.688552 -0.007552 
349 60.530321 0.000000 4.403837 100.192051 0.008708 1.325513 -0.004020 
350 60.955456 0.000000 4.403837 100.370232 0.012159 1.383016 -0.007610 
351 60.955456 0.000000 4.004604 100.308190 0.009386 1.417076 -0.006374 
352 61.380590 0.000000 4.403837 100.552086 0.015119 1.327850 -0.011249 
353 60.955456 0.000000 4.803069 100.498343 0.016752 1.215389 -0.010139 
354 60.317754 0.000000 4.603453 100.071066 0.002034 1.427891 -0.001626 
355 60.105187 0.000000 4.603453 100.330076 -0.000000 1.636723 -0.006880 
356 60.317754 0.000000 4.403837 100.041397 0.001387 1.452833 -0.001039 
357 60.530321 0.000000 4.603453 100.192544 0.005338 1.383329 -0.004046 
358 60.317754 0.000000 4.803069 100.118250 0.001590 1.444444 -0.002575 
359 53.728172 0.000000 4.803069 100.588187 0.000000 1.070394 -0.011913 
360 52.027634 0.000000 4.803069 100.710894 0.000000 0.892033 -0.014348 
361 53.728172 0.000000 3.206139 100.324155 -0.005692 0.764364 -0.006552 
362 53.728172 0.000000 6.400000 100.588168 0.000000 1.313341 -0.011970 
363 56.278978 0.000000 5.601535 100.439967 -0.107334 0.539727 -0.008849 
364 55.428709 0.000000 5.601535 100.482865 -0.207603 0.485179 -0.009708 
365 56.278978 0.000000 4.803069 100.337968 -0.057514 0.604142 -0.006808 
366 56.278978 0.000000 6.400000 100.396746 0.000000 1.441280 -0.008158 
367 55.428709 0.000000 -3.181584 99.756317 -0.011667 0.518002 0.004841 
368 55.428709 0.000000 -6.375445 99.532051 0.000000 0.887190 0.009258 
369 57.129246 0.000000 1.609208 100.040253 -0.015860 0.366788 -0.000819 
370 55.428709 0.000000 1.609208 100.060772 -0.013055 0.367647 -0.001229 
371 57.129246 0.000000 0.012278 99.934015 -0.017081 0.302194 0.001310 
372 57.979515 0.000000 4.004604 100.434624 -0.000000 0.995700 -0.008811 
373 57.129246 0.000000 4.004604 100.298536 -0.000000 0.918723 -0.006064 
374 57.979515 0.000000 3.206139 100.277379 -0.000570 0.943201 -0.005644 
375 57.554381 0.000000 5.202302 100.474324 -0.126792 0.354006 -0.009523 
376 57.129246 0.000000 5.202302 100.373880 -0.054952 0.346994 -0.007504 
377 57.554381 0.000000 4.803069 100.449897 -0.058263 0.526157 -0.009046 
378 57.979515 0.000000 5.202302 100.453989 -0.239798 0.311042 -0.009116 
379 57.554381 0.000000 5.601535 100.411378 -0.187177 0.454587 -0.008269 
380 56.278978 0.000000 4.004604 100.217511 0.000000 0.861956 -0.004429 
381 55.428709 0.000000 4.004604 100.256315 -0.001360 0.703501 -0.005182 
382 56.278978 0.000000 3.206139 100.266017 -0.001931 0.821855 -0.005395 
383 56.704112 0.000000 5.202302 100.365730 -0.061371 0.368008 -0.007342 
384 56.278978 0.000000 5.202302 100.434691 -0.125350 0.401741 -0.008730 
385 56.704112 0.000000 4.803069 100.268753 -0.017417 0.496931 -0.005407 
386 56.704112 0.000000 5.601535 100.451679 -0.127312 0.485253 -0.009079 
387 57.979515 0.000000 7.198465 100.489443 0.000000 1.557101 -0.010055 
388 57.129246 0.000000 7.198465 100.472974 0.000000 1.573477 -0.009729 
389 57.979515 0.000000 7.996931 100.655389 0.000000 2.051163 -0.013571 
390 57.554381 0.000000 6.000767 100.290832 -0.026002 0.695477 -0.005874 
391 57.129246 0.000000 6.000767 100.415215 -0.048082 0.979869 -0.008418 
392 57.979515 0.000000 6.000767 100.346689 0.000000 1.200596 -0.007090 
393 57.554381 0.000000 6.400000 100.387096 0.000000 1.233330 -0.007909 
394 57.341814 0.000000 5.401918 100.352035 -0.083216 0.349145 -0.007066 
395 57.129246 0.000000 5.401918 100.319852 -0.023650 0.437755 -0.006426 
396 57.341814 0.000000 5.202302 100.408369 -0.093859 0.339776 -0.008196 
397 57.554381 0.000000 5.401918 100.413446 -0.123361 0.375229 -0.008302 
398 57.341814 0.000000 5.601535 100.398712 -0.184598 0.498201 -0.008018 
399 48.626560 0.000000 9.593861 102.194425 -0.517333 1.688027 -0.044682 
400 45.225485 0.000000 9.593861 103.451652 -0.740529 1.537909 -0.070516 
401 48.626560 0.000000 12.787722 102.349290 -0.503434 2.356590 -0.048118 
402 53.728172 0.000000 7.996931 100.720589 0.000000 1.609597 -0.014723 
403 52.027634 0.000000 7.996931 100.835325 0.000000 1.522897 -0.017008 
404 53.728172 0.000000 9.593861 100.896281 0.000000 1.906982 -0.018370 
405 56.278978 0.000000 7.198465 100.513749 0.000000 1.674165 -0.010582 
406 55.428709 0.000000 7.198465 100.681286 0.000000 1.628782 -0.013937 
407 56.278978 0.000000 7.996931 100.763292 0.000000 1.906728 -0.015688 
408 56.704112 0.000000 6.000767 100.364497 0.000000 1.289882 -0.007470 
409 56.278978 0.000000 6.000767 100.376389 0.000000 1.304657 -0.007712 
410 56.704112 0.000000 6.400000 100.343820 0.000000 1.390431 -0.007082 
411 56.916679 0.000000 5.401918 100.405208 -0.098795 0.333455 -0.008133 
412 56.704112 0.000000 5.401918 100.416222 -0.091494 0.367761 -0.008356 
413 56.916679 0.000000 5.202302 100.374008 -0.050195 0.340353 -0.007506 
414 56.916679 0.000000 5.601535 100.408722 -0.079871 0.495882 -0.008216 
415 57.554381 0.000000 4.403837 100.390977 -0.000000 0.794581 -0.007898 
416 57.129246 0.000000 4.403837 100.293798 0.000000 0.780621 -0.005946 
417 57.554381 0.000000 4.004604 100.377099 -0.000000 0.932089 -0.007643 
418 57.979515 0.000000 4.403837 100.510491 -0.000000 0.813567 -0.010302 
419 57.341814 0.000000 5.002686 100.413107 -0.062073 0.416314 -0.008297 
420 57.129246 0.000000 5.002686 100.357815 -0.046253 0.397550 -0.007185 
421 57.341814 0.000000 4.803069 100.385961 -0.032096 0.559068 -0.007765 
422 57.554381 0.000000 5.002686 100.491714 -0.096731 0.421349 -0.009877 
423 57.235530 0.000000 5.302110 100.364524 -0.084306 0.309414 -0.007314 
424 57.129246 0.000000 5.302110 100.359471 -0.068408 0.335654 -0.007214 
425 57.235530 0.000000 5.202302 100.389885 -0.079610 0.312410 -0.007823 
426 57.341814 0.000000 5.302110 100.392683 -0.180044 0.186764 -0.007876 
427 57.235530 0.000000 5.401918 100.272896 -0.024757 0.343521 -0.005477 
428 53.728172 0.000000 1.609208 100.204852 -0.011215 0.412489 -0.004118 
429 52.027634 0.000000 1.609208 100.248191 -0.016945 0.264554 -0.004977 
430 53.728172 0.000000 0.012278 99.994802 -0.013328 0.204122 0.000100 
431 54.578440 0.000000 4.004604 100.087232 -0.002061 0.810810 -0.001811 
432 53.728172 0.000000 4.004604 100.360195 -0.002405 0.866638 -0.007292 
433 54.578440 0.000000 3.206139 100.180321 -0.007835 0.680868 -0.003656 
434 54.578440 0.000000 4.803069 100.324986 0.000000 1.127582 -0.006637 
435 56.278978 0.000000 2.407673 100.183652 -0.005649 0.672539 -0.003722 
436 55.428709 0.000000 2.407673 100.144533 -0.010764 0.531021 -0.002921 
437 56.278978 0.000000 1.609208 100.077209 -0.011326 0.430982 -0.001563 
438 57.129246 0.000000 2.407673 100.105357 -0.007525 0.536445 -0.002137 
439 55.853843 0.000000 3.605371 100.235693 -0.002315 0.705654 -0.004769 
440 55.428709 0.000000 3.605371 100.234614 -0.003498 0.638396 -0.004739 
441 55.853843 0.000000 3.206139 100.211001 -0.005324 0.649280 -0.004267 
442 56.278978 0.000000 3.605371 100.221255 -0.000903 0.792990 -0.004493 
443 55.853843 0.000000 4.004604 100.231645 -0.000296 0.783114 -0.004700 
444 50.327097 0.000000 4.803069 100.809893 -0.004586 0.556403 -0.016294 
445 48.626560 0.000000 4.803069 101.324562 -0.008268 0.195726 -0.026671 
446 50.327097 0.000000 3.206139 100.619178 -0.013820 0.342121 -0.012434 
447 50.327097 0.000000 6.400000 101.060654 0.000000 0.676316 -0.021371 
448 52.877903 0.000000 4.004604 100.545766 -0.001238 0.920010 -0.011030 
449 52.027634 0.000000 4.004604 100.625052 -0.002691 0.822784 -0.012608 
450 52.877903 0.000000 3.206139 100.383989 -0.009950 0.620798 -0.007733 
451 52.877903 0.000000 4.803069 100.666243 0.000000 1.003685 -0.013470 
452 50.327097 0.000000 1.609208 100.321705 -0.016635 0.200044 -0.006448 
453 48.626560 0.000000 1.609208 100.672595 0.020925 -0.080481 -0.013498 
454 50.327097 0.000000 0.012278 100.106504 -0.013013 0.079940 -0.002132 
455 52.877903 0.000000 2.407673 100.277700 -0.014049 0.414793 -0.005579 
456 52.027634 0.000000 2.407673 100.337508 -0.016167 0.335211 -0.006773 
457 52.877903 0.000000 1.609208 100.201242 -0.017161 0.306629 -0.004038 
458 53.728172 0.000000 2.407673 100.282971 -0.007756 0.581830 -0.005701 
459 53.303037 0.000000 3.605371 100.445251 -0.004550 0.845638 -0.008996 
460 52.877903 0.000000 3.605371 100.476268 -0.004082 0.817713 -0.009615 
461 53.303037 0.000000 3.206139 100.358762 -0.008021 0.665194 -0.007232 
462 53.728172 0.000000 3.605371 100.339659 -0.004152 0.820520 -0.006872 
463 53.303037 0.000000 4.004604 100.494211 -0.001852 0.905854 -0.009991 
464 51.177366 0.000000 4.004604 100.626476 -0.009178 0.531713 -0.012597 
465 50.327097 0.000000 4.004604 100.672669 -0.011976 0.409567 -0.013515 
466 51.177366 0.000000 3.206139 100.465075 -0.013811 0.370453 -0.009337 
467 51.177366 0.000000 4.803069 100.791797 0.000000 0.759364 -0.015956 
468 51.177366 0.000000 2.407673 100.357127 -0.016307 0.284870 -0.007163 
469 50.327097 0.000000 2.407673 100.479623 -0.014670 0.258613 -0.009622 
470 51.177366 0.000000 1.609208 100.239684 -0.020268 0.196162 -0.004803 
471 51.602500 0.000000 3.605371 100.568782 -0.007967 0.625022 -0.011447 
472 51.177366 0.000000 3.605371 100.565560 -0.011855 0.459908 -0.011364 
473 51.602500 0.000000 3.206139 100.511213 -0.010963 0.449347 -0.010271 
474 52.027634 0.000000 3.605371 100.525573 -0.006956 0.679083 -0.010585 
475 51.602500 0.000000 4.004604 100.648495 -0.005501 0.753708 -0.013069 
476 59.680053 0.000000 2.407673 99.993630 -0.002050 0.974225 0.000032 
477 58.829784 0.000000 2.407673 100.039850 -0.006133 0.730427 -0.000851 
478 59.680053 0.000000 1.609208 99.888835 -0.007139 0.637756 0.002181 
479 60.530321 0.000000 2.407673 99.886208 -0.002195 1.044888 0.002165 
480 59.254918 0.000000 3.605371 100.233123 -0.000000 1.235684 -0.004821 
481 58.829784 0.000000 3.605371 100.242944 0.000000 1.128259 -0.004992 
482 59.254918 0.000000 3.206139 100.077179 -0.000000 1.127967 -0.001671 
483 59.680053 0.000000 3.605371 100.249927 0.000000 1.359096 -0.005190 
484 59.254918 0.000000 4.004604 100.491704 -0.000000 1.349054 -0.010040 
485 57.979515 0.000000 2.407673 100.170826 -0.004136 0.748627 -0.003475 
486 57.979515 0.000000 1.609208 100.081497 -0.007402 0.550393 -0.001661 
487 58.404650 0.000000 3.605371 100.319494 -0.000000 1.075825 -0.006516 
488 57.979515 0.000000 3.605371 100.328689 -0.000000 0.969976 -0.006679 
489 58.404650 0.000000 3.206139 100.183676 -0.000688 0.937157 -0.003765 
490 58.404650 0.000000 4.004604 100.456161 -0.000000 1.108169 -0.009267 
491 57.554381 0.000000 3.605371 100.301488 -0.000000 0.926435 -0.006125 
492 57.129246 0.000000 3.605371 100.271617 -0.000000 0.909394 -0.005522 
493 57.554381 0.000000 3.206139 100.218530 -0.001214 0.835030 -0.004445 
494 56.704112 0.000000 3.605371 100.253215 0.000000 0.924415 -0.005156 
495 56.704112 0.000000 3.206139 100.193165 -0.001763 0.741936 -0.003922 
496 56.704112 0.000000 4.004604 100.253241 -0.000000 0.912874 -0.005155 
497 56.704112 0.000000 4.403837 100.245360 0.000000 0.712571 -0.004964 
498 56.278978 0.000000 4.403837 100.214371 0.000000 0.713081 -0.004343 
499 56.491545 0.000000 3.804988 100.249091 -0.000000 0.932065 -0.005075 
500 56.278978 0.000000 3.804988 100.224613 -0.000046 0.901501 -0.004579 
501 56.491545 0.000000 3.605371 100.240296 -0.000354 0.855503 -0.004885 
502 56.704112 0.000000 3.804988 100.248775 0.000000 0.957410 -0.005073 
503 56.491545 0.000000 4.004604 100.233365 0.000000 0.882913 -0.004751 
504 56.704112 0.000000 2.806906 100.135786 -0.005249 0.583003 -0.002752 
505 56.278978 0.000000 2.806906 100.232765 -0.003534 0.767530 -0.004720 
506 56.704112 0.000000 2.407673 100.092659 -0.009556 0.476057 -0.001877 
507 57.129246 0.000000 2.806906 100.142008 -0.004387 0.627654 -0.002882 
508 56.491545 0.000000 3.405755 100.200905 -0.001816 0.746214 -0.004078 
509 56.278978 0.000000 3.405755 100.206475 -0.002489 0.703510 -0.004183 
510 56.491545 0.000000 3.206139 100.189772 -0.002602 0.710551 -0.003850 
511 56.704112 0.000000 3.405755 100.209849 -0.001085 0.779307 -0.004262 
512 56.916679 0.000000 3.804988 100.269163 -0.000000 0.942091 -0.005479 
513 56.916679 0.000000 3.605371 100.250252 -0.000000 0.896352 -0.005092 
514 57.129246 0.000000 3.804988 100.296633 -0.000000 0.935741 -0.006029 
515 56.916679 0.000000 4.004604 100.273339 -0.000000 0.924987 -0.005560 
516 56.597829 0.000000 3.705180 100.246971 -0.000000 0.937642 -0.005033 
517 56.491545 0.000000 3.705180 100.243774 -0.000083 0.908730 -0.004964 
518 56.597829 0.000000 3.605371 100.236338 -0.000153 0.892841 -0.004812 
519 56.704112 0.000000 3.705180 100.253814 0.000000 0.941509 -0.005171 
520 56.597829 0.000000 3.804988 100.248452 -0.000000 0.945699 -0.005065 
521 55.853843 0.000000 4.403837 100.274506 0.000000 0.892481 -0.005577 
522 55.428709 0.000000 4.403837 100.328337 0.000000 0.958549 -0.006669 
523 55.853843 0.000000 4.803069 100.389408 -0.095064 0.633017 -0.007844 
524 56.066411 0.000000 3.804988 100.194957 -0.000169 0.911596 -0.003986 
525 55.853843 0.000000 3.804988 100.225446 -0.000969 0.749255 -0.004570 
526 56.066411 0.000000 3.605371 100.223487 -0.001080 0.755914 -0.004532 
527 56.066411 0.000000 4.004604 100.210540 0.000000 0.785504 -0.004277 
528 54.578440 0.000000 2.407673 100.188425 -0.009657 0.573510 -0.003805 
529 54.578440 0.000000 1.609208 100.090152 -0.012264 0.385994 -0.001819 
530 55.853843 0.000000 2.806906 100.159628 -0.010088 0.552713 -0.003226 
531 55.428709 0.000000 2.806906 100.182872 -0.009790 0.573815 -0.003694 
532 55.853843 0.000000 2.407673 100.113363 -0.011163 0.475311 -0.002291 
533 56.066411 0.000000 3.405755 100.211951 -0.003316 0.684177 -0.004290 
534 55.853843 0.000000 3.405755 100.218892 -0.004136 0.667659 -0.004427 
535 56.066411 0.000000 3.206139 100.190886 -0.004373 0.646482 -0.003863 
536 56.172694 0.000000 3.705180 100.221357 -0.000368 0.849087 -0.004504 
537 56.066411 0.000000 3.705180 100.211779 -0.000639 0.835507 -0.004310 
538 56.172694 0.000000 3.605371 100.214300 -0.000981 0.778478 -0.004351 
539 56.278978 0.000000 3.705180 100.223664 -0.000326 0.866578 -0.004553 
540 56.172694 0.000000 3.804988 100.213803 -0.000110 0.896102 -0.004361 
541 -288.079842 0.000000 -300.210676 99.752540 0.001670 6.977673 0.000074 
542 -396.914234 0.000000 -300.210676 99.754561 0.001064 6.977034 0.000035 
543 -288.079842 0.000000 -402.414234 99.752169 0.002144 6.977085 0.000082 
544 364.926512 0.000000 -300.210676 99.754952 0.046781 6.931269 0.000090 
545 364.926512 0.000000 -402.414234 99.753386 0.033978 6.949689 0.000096 
546 473.760905 0.000000 -300.210676 99.757102 0.047439 6.933773 0.000044 
547 -124.828253 0.000000 -146.905338 99.741287 0.001424 6.983894 0.000290 
548 -179.245449 0.000000 -146.905338 99.749258 0.001376 6.981265 0.000135 
549 -124.828253 0.000000 -198.007117 99.739724 0.003941 6.981569 0.000325 
550 201.674924 0.000000 -146.905338 99.746638 0.089645 6.793310 0.000445 
551 201.674924 0.000000 -198.007117 99.743874 0.063893 6.870827 0.000395 
552 256.092120 0.000000 -146.905338 99.759113 0.093514 6.807395 0.000177 
553 -43.202459 0.000000 -70.252669 99.695694 -0.001436 7.011979 0.001160 
554 -70.411057 0.000000 -70.252669 99.727880 0.000061 7.000039 0.000535 
555 -43.202459 0.000000 -95.803559 99.688488 -0.000265 7.001844 0.001318 
556 120.049130 0.000000 -70.252669 99.729908 0.189737 6.303063 0.001418 
557 120.049130 0.000000 -95.803559 99.702075 0.140914 6.563041 0.001640 
558 147.257728 0.000000 -70.252669 99.763864 0.190637 6.334407 0.000701 
559 -2.389562 0.000000 -31.926334 99.510476 -0.096800 7.121445 0.004694 
560 -15.993861 0.000000 -31.926334 99.645652 -0.028278 7.075931 0.002067 
561 -2.389562 0.000000 -44.701779 99.484642 -0.053353 7.085073 0.005260 
562 4.412588 0.000000 -12.763167 99.413336 -0.634799 7.152778 0.006542 
563 -2.389562 0.000000 -12.763167 99.580438 -0.214316 7.171848 0.003225 
564 4.412588 0.000000 -19.150890 99.418155 -0.369225 7.181286 0.006432 
565 79.236232 0.000000 -31.926334 99.538943 0.334469 4.920172 0.006768 
566 79.236232 0.000000 -44.701779 99.511390 0.263976 5.592990 0.006613 
567 92.840531 0.000000 -31.926334 99.724250 0.343469 4.992631 0.003003 
568 31.621186 0.000000 -12.763167 93.321076 0.430976 5.695404 0.125855 
569 31.621186 0.000000 -19.150890 95.437616 0.259431 6.278080 0.085218 
570 4.412588 0.000000 12.787722 100.150753 0.626850 7.143636 -0.008160 
571 -2.389562 0.000000 12.787722 99.965526 0.208680 7.167645 -0.004452 
572 4.412588 0.000000 19.175445 100.139399 0.362425 7.169349 -0.007943 
573 31.621186 0.000000 12.787722 105.795245 -0.490345 5.799047 -0.122650 
574 31.621186 0.000000 19.175445 103.949471 -0.293767 6.235208 -0.084446 
575 21.417961 0.000000 3.206139 101.182841 -0.027388 4.284975 -0.025633 
576 24.819036 0.000000 3.206139 106.682849 -0.210481 2.757488 -0.138888 
577 21.417961 0.000000 6.400000 101.370712 -0.002180 4.041582 -0.029236 
578 41.824410 0.000000 3.206139 103.350954 0.124850 -0.703256 -0.068193 
579 38.423335 0.000000 3.206139 107.136206 0.048622 -0.417188 -0.147834 
580 41.824410 0.000000 6.400000 105.302129 0.000000 -0.120022 -0.108855 
581 72.434083 0.000000 -12.763167 99.436310 0.432664 2.937173 0.010361 
582 72.434083 0.000000 -19.150890 99.419941 0.404118 3.765212 0.010134 
583 79.236232 0.000000 -12.763167 99.684735 0.467144 2.993761 0.005377 
584 41.824410 0.000000 9.593861 105.142805 -1.011578 1.703897 -0.105894 
585 38.423335 0.000000 9.593861 106.699183 -1.262650 2.445535 -0.139229 
586 41.824410 0.000000 12.787722 104.709002 -0.800143 2.693773 -0.097187 
587 69.033008 0.000000 -3.181584 99.054227 -0.000000 0.860470 0.018752 
588 69.033008 0.000000 -6.375445 99.229020 0.262835 1.907675 0.014989 
589 72.434083 0.000000 -3.181584 99.417854 0.173555 1.258932 0.011448 
590 69.033008 0.000000 9.593861 101.424665 -0.216075 1.558768 -0.028944 
591 72.434083 0.000000 9.593861 100.800159 -1.605600 1.284795 -0.016490 
592 69.033008 0.000000 12.787722 101.156616 -0.000000 2.773911 -0.024036 
593 63.931396 0.000000 7.996931 101.784716 -0.000000 1.965452 -0.036399 
594 65.631933 0.000000 7.996931 101.754793 -0.000000 2.010972 -0.035808 
595 63.931396 0.000000 9.593861 101.423598 0.000000 2.317555 -0.029212 
596 63.081127 0.000000 5.601535 102.008688 0.011753 0.933932 -0.040664 
597 63.931396 0.000000 5.601535 101.962271 0.008869 0.593211 -0.039666 
598 63.081127 0.000000 6.400000 101.680523 0.011578 1.315091 -0.034066 
599 61.380590 0.000000 2.407673 99.611687 0.002052 1.000441 0.007651 
600 61.380590 0.000000 1.609208 99.459505 -0.006713 0.696078 0.010732 
601 62.230859 0.000000 2.407673 99.316771 0.008801 0.711594 0.013567 
602 60.105187 0.000000 3.605371 100.117273 -0.000000 1.404435 -0.002544 
603 60.105187 0.000000 3.206139 100.072860 -0.000000 1.330883 -0.001635 
604 60.530321 0.000000 3.605371 100.132575 0.002886 1.435333 -0.002859 
605 59.254918 0.000000 4.403837 100.650947 -0.000000 1.259936 -0.013220 
606 58.829784 0.000000 4.403837 100.625901 0.000000 1.097771 -0.012678 
607 61.380590 0.000000 7.198465 100.879994 0.000000 2.067127 -0.018105 
608 62.230859 0.000000 7.198465 101.332745 0.008007 1.687810 -0.027117 
609 61.380590 0.000000 7.996931 100.888762 0.000000 2.283083 -0.018375 
610 59.254918 0.000000 6.000767 100.133851 -0.000000 1.379342 -0.002869 
611 58.829784 0.000000 6.000767 100.096455 -0.000000 1.086791 -0.002048 
612 59.254918 0.000000 6.400000 100.169954 -0.000000 1.515734 -0.003632 
613 60.955456 0.000000 5.202302 100.423372 0.009463 1.392073 -0.008679 
614 61.380590 0.000000 5.202302 100.738127 0.013159 1.427455 -0.015021 
615 60.955456 0.000000 5.601535 100.391157 0.008714 1.414492 -0.008039 
616 60.955456 0.000000 6.000767 100.588957 0.005848 1.516725 -0.012044 
617 61.380590 0.000000 6.000767 100.827396 0.013377 1.429950 -0.016821 
618 60.955456 0.000000 6.400000 100.477962 0.001991 1.755742 -0.009890 
619 58.404650 0.000000 5.202302 100.434035 -0.274496 0.323983 -0.008718 
620 58.404650 0.000000 4.803069 100.596387 -0.103686 0.615759 -0.012002 
621 58.404650 0.000000 5.601535 100.298366 -0.359667 0.503465 -0.006015 
622 58.404650 0.000000 6.000767 100.245838 -0.000000 1.196262 -0.005066 
623 58.404650 0.000000 6.400000 100.353761 0.000000 1.350084 -0.007270 
624 60.955456 0.000000 3.605371 100.168465 0.005604 1.450376 -0.003583 
625 60.955456 0.000000 3.206139 100.047013 0.003587 1.443357 -0.001149 
626 61.380590 0.000000 3.605371 100.076083 0.008058 1.428301 -0.001726 
627 54.578440 0.000000 5.601535 100.456069 0.000000 1.259392 -0.009301 
628 53.728172 0.000000 5.601535 100.622813 0.000000 1.203354 -0.012640 
629 54.578440 0.000000 6.400000 100.647045 0.000000 1.449440 -0.013193 
630 52.877903 0.000000 5.601535 100.719064 0.000000 1.125571 -0.014560 
631 52.027634 0.000000 5.601535 100.748325 0.000000 0.951076 -0.015113 
632 52.877903 0.000000 6.400000 100.694603 0.000000 1.159226 -0.014075 
633 55.853843 0.000000 5.202302 100.282189 -0.145016 0.398618 -0.005670 
634 55.428709 0.000000 5.202302 100.498174 -0.257031 0.312239 -0.010005 
635 55.853843 0.000000 5.601535 100.417290 -0.118967 0.604432 -0.008401 
636 55.853843 0.000000 6.000767 100.455075 0.000000 1.322545 -0.009297 
637 55.428709 0.000000 6.000767 100.492268 0.000000 1.373262 -0.010058 
638 55.853843 0.000000 6.400000 100.490610 0.000000 1.485796 -0.010057 
639 58.404650 0.000000 4.403837 100.568814 -0.000000 0.940737 -0.011497 
640 56.916679 0.000000 5.002686 100.337190 -0.028709 0.433750 -0.006774 
641 56.704112 0.000000 5.002686 100.315147 -0.039178 0.395123 -0.006329 
642 56.916679 0.000000 4.803069 100.306384 -0.016408 0.535666 -0.006166 
643 50.327097 0.000000 7.996931 101.137101 0.000000 0.716969 -0.022923 
644 48.626560 0.000000 7.996931 101.285178 0.000000 0.449729 -0.025889 
645 50.327097 0.000000 9.593861 101.739192 -0.430626 1.804869 -0.035431 
646 54.578440 0.000000 7.198465 100.655620 0.000000 1.535114 -0.013391 
647 53.728172 0.000000 7.198465 100.641234 0.000000 1.449272 -0.013076 
648 54.578440 0.000000 7.996931 100.768896 0.000000 1.723819 -0.015734 
649 51.177366 0.000000 5.601535 100.842208 0.000000 0.821461 -0.016983 
650 50.327097 0.000000 5.601535 100.957874 0.000000 0.691275 -0.019297 
651 51.177366 0.000000 6.400000 100.883968 0.000000 0.859727 -0.017831 
652 52.452769 0.000000 3.605371 100.518312 -0.005673 0.767797 -0.010452 
653 52.452769 0.000000 3.206139 100.362585 -0.012208 0.466208 -0.007287 
654 52.452769 0.000000 4.004604 100.610809 -0.000784 0.920476 -0.012338 
655 57.554381 0.000000 2.806906 100.183225 -0.003501 0.753030 -0.003725 
656 57.554381 0.000000 2.407673 100.134703 -0.006197 0.623368 -0.002735 
657 57.979515 0.000000 2.806906 100.227796 -0.002056 0.861080 -0.004635 
658 56.916679 0.000000 3.405755 100.226891 -0.000041 0.859546 -0.004617 
659 56.916679 0.000000 3.206139 100.188126 -0.001272 0.737976 -0.003821 
660 57.129246 0.000000 3.405755 100.235202 -0.000000 0.883558 -0.004788 
661 56.385261 0.000000 3.705180 100.235461 -0.000215 0.895563 -0.004795 
662 56.385261 0.000000 3.605371 100.234755 -0.000693 0.828907 -0.004769 
663 56.385261 0.000000 3.804988 100.240364 0.000000 0.916219 -0.004897 
664 63.081127 0.000000 2.407673 98.910230 0.006333 0.502910 0.021651 
665 63.081127 0.000000 1.609208 98.911331 -0.001715 0.376829 0.021641 
666 63.931396 0.000000 2.407673 98.128760 0.001974 0.399154 0.037059 
667 52.877903 0.000000 7.198465 100.703364 0.000000 1.390652 -0.014310 
668 52.027634 0.000000 7.198465 100.814129 0.000000 1.188568 -0.016490 
669 52.877903 0.000000 7.996931 100.767838 0.000000 1.587233 -0.015668 
670 58.404650 0.000000 2.806906 100.148604 -0.002775 0.841996 -0.003045 
671 58.404650 0.000000 2.407673 100.102392 -0.006068 0.736805 -0.002103 
672 58.829784 0.000000 2.806906 100.072220 -0.003659 0.821298 -0.001512 
673 63.081127 0.000000 7.198465 101.601005 0.012215 1.509520 -0.032504 
674 63.931396 0.000000 7.198465 101.510670 0.013580 1.223961 -0.030591 
675 63.081127 0.000000 7.996931 101.545135 -0.000000 2.132272 -0.031596 
676 51.177366 0.000000 7.198465 101.008874 0.000000 0.880386 -0.020357 
677 50.327097 0.000000 7.198465 101.102654 0.000000 0.675909 -0.022220 
678 51.177366 0.000000 7.996931 101.007302 0.000000 0.948056 -0.020337 
679 59.254918 0.000000 2.806906 100.032499 -0.002783 0.876930 -0.000727 
680 59.254918 0.000000 2.407673 100.005234 -0.005160 0.769095 -0.000164 
681 59.680053 0.000000 2.806906 100.063039 -0.000351 1.178004 -0.001400 
1 19 21 9 22 
2 20 19 22 4 
3 28 29 3 30 
4 21 28 30 9 
5 35 37 21 38 
6 36 35 38 19 
7 44 45 28 46 
8 37 44 46 21 
9 51 53 37 54 
10 52 51 54 35 
11 11 62 60 61 
12 62 10 24 60 
13 60 24 14 63 
14 61 60 63 6 
15 24 66 64 65 
16 66 23 40 64 
17 64 40 27 67 
18 65 64 67 14 
19 40 70 68 69 
20 70 39 56 68 
21 68 56 43 71 
22 69 68 71 27 
23 72 73 44 74 
24 53 72 74 37 
25 75 77 53 78 
26 76 75 78 51 
27 56 81 79 80 
28 80 79 83 43 
29 6 63 92 93 
30 63 14 36 92 
31 92 36 19 94 
32 93 92 94 20 
33 14 67 95 96 
34 67 27 52 95 
35 95 52 35 97 
36 96 95 97 36 
37 27 71 98 99 
38 71 43 76 98 
39 98 76 51 100 
40 99 98 100 52 
41 43 83 101 102 
42 101 103 75 104 
43 102 101 104 76 
44 79 107 105 106 
45 107 82 108 105 
46 105 108 59 109 
47 106 105 109 83 
48 110 111 72 112 
49 77 110 112 53 
50 113 114 77 115 
51 103 113 115 75 
52 12 122 120 121 
53 122 7 123 120 
54 120 123 13 25 
55 121 120 25 10 
56 25 126 124 125 
57 126 13 127 124 
58 124 127 26 41 
59 125 124 41 23 
60 41 130 128 129 
61 130 26 131 128 
62 128 131 42 57 
63 129 128 57 39 
64 57 134 132 133 
65 134 42 135 132 
66 132 135 58 89 
67 133 132 89 55 
68 55 138 136 137 
69 138 89 139 136 
70 136 139 88 117 
71 137 136 117 82 
72 82 142 140 141 
73 142 117 143 140 
74 140 143 116 144 
75 141 140 144 108 
76 59 119 145 146 
77 119 91 147 145 
78 145 147 113 148 
79 146 145 148 103 
80 108 144 149 150 
81 144 116 151 149 
82 149 151 119 152 
83 150 149 152 59 
84 88 158 157 118 
85 158 90 159 157 
86 157 159 5 160 
87 118 157 160 91 
88 161 162 110 163 
89 114 161 163 77 
90 7 169 168 123 
91 169 16 170 168 
92 168 170 15 32 
93 123 168 32 13 
94 13 172 171 127 
95 172 32 173 171 
96 171 173 31 48 
97 127 171 48 26 
98 26 175 174 131 
99 175 48 176 174 
100 174 176 47 85 
101 131 174 85 42 
102 42 178 177 135 
103 178 85 179 177 
104 177 179 84 154 
105 135 177 154 58 
106 58 182 180 181 
107 182 154 183 180 
108 180 183 153 165 
109 181 180 165 90 
110 15 185 184 33 
111 185 17 186 184 
112 184 186 8 187 
113 33 184 187 18 
114 31 189 188 49 
115 189 33 190 188 
116 188 190 18 191 
117 49 188 191 34 
118 47 193 192 86 
119 193 49 194 192 
120 192 194 34 195 
121 86 192 195 50 
122 197 86 198 196 
123 196 198 50 199 
124 165 206 204 205 
125 206 153 207 204 
126 204 207 166 208 
127 205 204 208 164 
128 209 211 161 212 
129 210 209 212 114 
130 164 208 213 214 
131 214 213 216 167 
132 90 219 217 218 
133 219 165 205 217 
134 217 205 164 220 
135 218 217 220 159 
136 117 222 221 143 
137 222 88 223 221 
138 221 223 118 224 
139 143 221 224 116 
140 18 187 225 45 
141 187 8 226 225 
142 225 226 29 227 
143 45 225 227 28 
144 34 191 228 73 
145 191 18 229 228 
146 228 229 45 230 
147 73 228 230 44 
148 50 195 231 111 
149 195 34 232 231 
150 231 232 73 233 
151 111 231 233 72 
152 199 50 235 234 
153 234 235 111 236 
154 162 234 236 110 
155 238 196 239 237 
156 237 239 199 240 
157 241 242 162 243 
158 211 241 243 161 
159 240 199 250 249 
160 249 250 234 251 
161 242 249 251 162 
162 202 253 252 247 
163 253 237 254 252 
164 252 254 240 255 
165 247 252 255 87 
166 256 258 242 259 
167 257 256 259 241 
168 262 247 263 260 
169 260 263 87 264 
170 154 273 272 183 
171 273 84 274 272 
172 272 274 155 201 
173 183 272 201 153 
174 201 277 275 276 
175 277 155 278 275 
176 275 278 202 246 
177 276 275 246 200 
178 246 281 279 280 
179 281 202 282 279 
180 279 282 247 262 
181 244 285 283 284 
182 285 262 286 283 
183 283 286 260 287 
184 284 283 287 261 
185 288 257 241 290 
186 289 288 290 211 
187 200 297 295 296 
188 297 246 280 295 
189 303 305 256 306 
190 304 303 306 257 
191 312 261 313 311 
192 311 313 248 314 
193 302 317 315 316 
194 317 268 318 315 
195 315 318 309 319 
196 320 304 257 322 
197 321 320 322 288 
198 269 329 327 328 
199 329 302 316 327 
200 327 316 307 330 
201 328 327 330 308 
202 203 310 331 332 
203 310 271 333 331 
204 331 333 303 334 
205 332 331 334 304 
206 307 319 335 336 
207 319 309 337 335 
208 335 337 271 338 
209 336 335 338 310 
210 316 341 339 340 
211 341 315 342 339 
212 339 342 319 343 
213 340 339 343 307 
214 345 244 284 344 
215 344 284 261 312 
216 298 348 346 347 
217 348 301 349 346 
218 347 346 317 302 
219 301 351 350 349 
220 351 344 352 350 
221 350 352 312 353 
222 349 350 353 268 
223 346 356 354 355 
224 356 349 357 354 
225 354 357 268 358 
226 355 354 358 317 
227 153 368 367 207 
228 368 201 276 367 
229 367 276 200 266 
230 207 367 266 166 
231 266 371 369 370 
232 371 200 296 369 
233 377 325 378 375 
234 375 378 323 379 
235 365 385 383 384 
236 384 383 386 363 
237 294 326 387 388 
238 326 203 332 387 
239 387 332 304 389 
240 388 387 389 320 
241 324 379 390 391 
242 379 323 392 390 
243 390 392 326 393 
244 391 390 393 294 
245 396 375 397 394 
246 394 397 379 398 
247 395 394 398 324 
248 167 216 399 400 
249 399 289 211 401 
250 400 399 401 209 
251 402 321 288 404 
252 403 402 404 289 
253 267 366 405 406 
254 366 294 388 405 
255 405 388 320 407 
256 406 405 407 321 
257 363 386 408 409 
258 386 324 391 408 
259 408 391 294 410 
260 409 408 410 366 
261 383 413 411 412 
262 413 376 395 411 
263 411 395 324 414 
264 412 411 414 386 
265 373 417 415 416 
266 417 372 418 415 
267 415 418 325 377 
268 416 415 377 291 
269 291 421 419 420 
270 421 377 422 419 
271 419 422 375 396 
272 420 419 396 376 
273 376 425 423 424 
274 425 396 426 423 
275 423 426 394 427 
276 424 423 427 395 
277 166 430 428 429 
278 430 266 370 428 
279 361 433 431 432 
280 433 265 381 431 
281 431 381 292 434 
282 432 431 434 359 
283 370 437 435 436 
284 437 369 438 435 
285 265 441 439 440 
286 440 439 443 381 
287 213 446 444 445 
288 445 444 447 216 
289 448 432 359 451 
290 449 448 451 360 
291 208 454 452 453 
292 454 166 429 452 
293 453 452 446 213 
294 429 457 455 456 
295 457 428 458 455 
296 455 458 361 450 
297 456 455 450 215 
298 450 461 459 460 
299 461 361 462 459 
300 459 462 432 463 
301 460 459 463 448 
302 446 466 464 465 
303 464 449 360 467 
304 465 464 467 444 
305 452 470 468 469 
306 470 429 456 468 
307 468 456 215 466 
308 469 468 466 446 
309 466 473 471 472 
310 473 215 474 471 
311 471 474 449 475 
312 472 471 475 464 
313 296 478 476 477 
314 478 295 479 476 
315 476 479 270 300 
316 245 482 480 481 
317 482 300 483 480 
318 480 483 298 484 
319 481 480 484 299 
320 369 486 485 438 
321 486 296 477 485 
322 374 489 487 488 
323 489 245 481 487 
324 487 481 299 490 
325 488 487 490 372 
326 293 493 491 492 
327 493 374 488 491 
328 491 488 372 417 
329 492 491 417 373 
330 380 496 497 498 
331 496 373 416 497 
332 497 416 291 385 
333 498 497 385 365 
334 499 502 496 503 
335 500 499 503 380 
336 435 506 504 505 
337 506 438 507 504 
338 504 507 293 495 
339 505 504 495 382 
340 382 510 508 509 
341 510 495 511 508 
342 508 511 494 501 
343 509 508 501 442 
344 494 513 512 502 
345 513 492 514 512 
346 512 514 373 515 
347 502 512 515 496 
348 501 518 516 517 
349 518 494 519 516 
350 516 519 502 520 
351 517 516 520 499 
352 381 443 521 522 
353 443 380 498 521 
354 521 498 365 523 
355 522 521 523 292 
356 439 526 524 525 
357 524 500 380 527 
358 525 524 527 443 
359 428 529 528 458 
360 529 370 436 528 
361 528 436 265 433 
362 458 528 433 361 
363 436 532 530 531 
364 532 435 505 530 
365 530 505 382 441 
366 531 530 441 265 
367 441 535 533 534 
368 535 382 509 533 
369 533 509 442 526 
370 534 533 526 439 
371 526 538 536 537 
372 538 442 539 536 
373 536 539 500 540 
374 537 536 540 524 
375 1 543 541 542 
376 543 12 121 541 
377 541 121 10 62 
378 542 541 62 11 
379 16 545 544 170 
380 545 2 546 544 
381 544 546 17 185 
382 170 544 185 15 
383 10 549 547 548 
384 549 25 125 547 
385 547 125 23 66 
386 548 547 66 24 
387 32 551 550 173 
388 551 15 552 550 
389 550 552 33 189 
390 173 550 189 31 
391 23 555 553 554 
392 555 41 129 553 
393 553 129 39 70 
394 554 553 70 40 
395 48 557 556 176 
396 557 31 558 556 
397 556 558 49 193 
398 176 556 193 47 
399 39 561 559 560 
400 561 57 133 559 
401 559 133 55 81 
402 560 559 81 56 
403 81 564 562 563 
404 564 55 137 562 
405 562 137 82 107 
406 563 562 107 79 
407 85 566 565 179 
408 566 47 567 565 
409 565 567 86 197 
410 179 565 197 84 
411 89 569 568 139 
412 569 58 181 568 
413 568 181 90 158 
414 139 568 158 88 
415 83 109 570 571 
416 109 59 146 570 
417 570 146 103 572 
418 571 570 572 101 
419 91 160 573 147 
420 160 5 210 573 
421 573 210 114 574 
422 147 573 574 113 
423 116 224 575 151 
424 224 118 576 575 
425 575 576 91 577 
426 151 575 577 119 
427 159 220 578 579 
428 220 164 214 578 
429 578 214 167 580 
430 579 578 580 5 
431 84 582 581 274 
432 582 197 583 581 
433 581 583 196 238 
434 274 581 238 155 
435 5 580 584 585 
436 580 167 400 584 
437 584 400 209 586 
438 585 584 586 210 
439 155 588 587 278 
440 588 238 589 587 
441 587 589 237 253 
442 278 587 253 202 
443 87 255 590 258 
444 255 240 591 590 
445 590 591 249 592 
446 258 590 592 242 
447 264 87 594 593 
448 593 594 258 595 
449 305 593 595 256 
450 261 287 596 313 
451 287 260 597 596 
452 596 597 264 598 
453 313 596 598 248 
454 295 600 599 479 
455 600 280 601 599 
456 599 601 244 345 
457 479 599 345 270 
458 300 603 602 483 
459 603 270 604 602 
460 602 604 301 348 
461 483 602 348 298 
462 299 484 605 606 
463 484 298 347 605 
464 605 347 302 329 
465 606 605 329 269 
466 271 314 607 333 
467 314 248 608 607 
468 607 608 305 609 
469 333 607 609 303 
470 308 330 610 611 
471 330 307 336 610 
472 610 336 310 612 
473 611 610 612 203 
474 268 353 613 318 
475 353 312 614 613 
476 613 614 311 615 
477 318 613 615 309 
478 309 615 616 337 
479 615 311 617 616 
480 616 617 314 618 
481 337 616 618 271 
482 325 620 619 378 
483 620 269 328 619 
484 619 328 308 621 
485 378 619 621 323 
486 323 621 622 392 
487 621 308 611 622 
488 622 611 203 623 
489 392 622 623 326 
490 270 625 624 604 
491 625 345 626 624 
492 624 626 344 351 
493 604 624 351 301 
494 359 434 627 628 
495 434 292 364 627 
496 627 364 267 629 
497 628 627 629 362 
498 360 451 630 631 
499 451 359 628 630 
500 630 628 362 632 
501 631 630 632 156 
502 292 523 633 634 
503 523 365 384 633 
504 633 384 363 635 
505 634 633 635 364 
506 364 635 636 637 
507 635 363 409 636 
508 636 409 366 638 
509 637 636 638 267 
510 372 490 639 418 
511 490 299 606 639 
512 639 606 269 620 
513 418 639 620 325 
514 385 642 640 641 
515 642 291 420 640 
516 640 420 376 413 
517 641 640 413 383 
518 216 447 643 644 
519 643 403 289 645 
520 644 643 645 399 
521 362 629 646 647 
522 629 267 406 646 
523 646 406 321 648 
524 647 646 648 402 
525 444 467 649 650 
526 467 360 631 649 
527 649 631 156 651 
528 650 649 651 447 
529 215 653 652 474 
530 653 450 460 652 
531 652 460 448 654 
532 474 652 654 449 
533 438 656 655 507 
534 656 485 657 655 
535 655 657 374 493 
536 507 655 493 293 
537 495 659 658 511 
538 659 293 660 658 
539 658 660 492 513 
540 511 658 513 494 
541 442 662 661 539 
542 662 501 517 661 
543 661 517 499 663 
544 539 661 663 500 
545 280 665 664 601 
546 665 279 666 664 
547 664 666 262 285 
548 601 664 285 244 
549 156 632 667 668 
550 632 362 647 667 
551 667 647 402 669 
552 668 667 669 403 
553 485 671 670 657 
554 671 477 672 670 
555 670 672 245 489 
556 657 670 489 374 
557 248 598 673 608 
558 598 264 674 673 
559 673 674 593 675 
560 608 673 675 305 
561 447 651 676 677 
562 651 156 668 676 
563 676 668 403 678 
564 677 676 678 643 
565 477 680 679 672 
566 680 476 681 679 
567 679 681 300 482 
568 672 679 482 245 
