2 0.000000 100.000000 205.462523
681 568 
1 -396.914234 0.000000 -402.414234 99.449249 0.001108 10.454411 0.000055 
2 473.760905 0.000000 -402.414234 99.451915 0.030891 10.420926 0.000072 
3 473.760905 0.000000 415.214234 99.459958 -0.038285 10.406898 -0.000059 
4 -396.914234 0.000000 415.214234 99.455559 -0.001551 10.454320 -0.000070 
5 38.423335 0.000000 6.400000 109.381630 0.110088 0.723668 -0.196488 
6 -396.914234 0.000000 6.400000 99.452485 -0.000231 10.455335 -0.000011 
7 38.423335 0.000000 -402.414234 99.416337 0.010600 10.435886 0.000748 
8 473.760905 0.000000 6.400000 99.701867 0.248802 8.074940 -0.000573 
9 38.423335 0.000000 415.214234 99.489552 -0.012308 10.434970 -0.000706 
10 -179.245449 0.000000 -198.007117 99.440686 0.001139 10.459218 0.000215 
11 -396.914234 0.000000 -198.007117 99.450461 0.000483 10.455065 0.000030 
12 -179.245449 0.000000 -402.414234 99.440113 0.002656 10.454673 0.000236 
13 38.423335 0.000000 -198.007117 99.290263 0.005544 10.385334 0.003359 
14 -179.245449 0.000000 6.400000 99.453706 -0.000399 10.465225 -0.000056 
15 256.092120 0.000000 -198.007117 99.450943 0.059876 10.323631 0.000293 
16 256.092120 0.000000 -402.414234 99.441892 0.026844 10.417752 0.000278 
17 473.760905 0.000000 -198.007117 99.460577 0.059583 10.349136 0.000049 
18 256.092120 0.000000 6.400000 100.022864 0.337376 5.013165 -0.002982 
19 -179.245449 0.000000 210.807117 99.465539 -0.001960 10.458680 -0.000278 
20 -396.914234 0.000000 210.807117 99.454458 -0.000939 10.455003 -0.000050 
21 38.423335 0.000000 210.807117 99.609462 -0.009755 10.385482 -0.002990 
22 -179.245449 0.000000 415.214234 99.465162 -0.003417 10.454258 -0.000261 
23 -70.411057 0.000000 -95.803559 99.405446 -0.002417 10.480776 0.000871 
24 -179.245449 0.000000 -95.803559 99.445558 0.000743 10.461780 0.000113 
25 -70.411057 0.000000 -198.007117 99.404290 -0.000191 10.460723 0.000936 
26 38.423335 0.000000 -95.803559 98.840338 0.056124 10.191204 0.012672 
27 -70.411057 0.000000 6.400000 99.460164 -0.000144 10.494526 -0.000246 
28 256.092120 0.000000 210.807117 99.482459 -0.071319 10.279857 -0.000244 
29 473.760905 0.000000 210.807117 99.476648 -0.086351 10.236329 -0.000039 
30 256.092120 0.000000 415.214234 99.468794 -0.030636 10.411970 -0.000245 
31 147.257728 0.000000 -95.803559 99.444286 0.113625 9.937319 0.001207 
32 147.257728 0.000000 -198.007117 99.401130 0.043754 10.306192 0.001320 
33 256.092120 0.000000 -95.803559 99.484730 0.113945 10.037861 0.000202 
34 147.257728 0.000000 6.400000 100.307045 0.084726 2.276122 -0.006669 
35 -70.411057 0.000000 108.603559 99.507424 0.000945 10.477075 -0.001150 
36 -179.245449 0.000000 108.603559 99.461330 -0.001610 10.461395 -0.000200 
37 38.423335 0.000000 108.603559 99.965615 -0.051966 10.226274 -0.009770 
38 -70.411057 0.000000 210.807117 99.502787 -0.001357 10.458321 -0.001018 
39 -15.993861 0.000000 -44.701779 99.267856 -0.039473 10.566435 0.003424 
40 -70.411057 0.000000 -44.701779 99.426477 -0.001678 10.490999 0.000431 
41 -15.993861 0.000000 -95.803559 99.254782 -0.011042 10.490012 0.003845 
42 38.423335 0.000000 -44.701779 97.444890 0.133498 9.551636 0.041324 
43 -15.993861 0.000000 6.400000 99.506512 0.016178 10.621917 -0.001437 
44 147.257728 0.000000 108.603559 99.566565 -0.120576 9.856771 -0.001067 
45 256.092120 0.000000 108.603559 99.534724 -0.147210 9.735298 -0.000196 
46 147.257728 0.000000 210.807117 99.518259 -0.048981 10.298721 -0.000995 
47 92.840531 0.000000 -44.701779 99.361502 0.198466 8.662655 0.005221 
48 92.840531 0.000000 -95.803559 99.265937 0.109963 9.893514 0.004838 
49 147.257728 0.000000 -44.701779 99.566516 0.203189 8.961469 0.000616 
50 92.840531 0.000000 6.400000 100.073381 -0.767187 2.202541 -0.002012 
51 -15.993861 0.000000 57.501779 99.686953 0.024639 10.547360 -0.004874 
52 -70.411057 0.000000 57.501779 99.491228 0.001505 10.488528 -0.000851 
53 38.423335 0.000000 57.501779 100.976142 -0.091470 9.788865 -0.029201 
54 -15.993861 0.000000 108.603559 99.653008 0.005326 10.473498 -0.004042 
55 11.214737 0.000000 -19.150890 98.694757 -0.786421 10.821553 0.014162 
56 -15.993861 0.000000 -19.150890 99.356622 -0.045627 10.609264 0.001570 
57 11.214737 0.000000 -44.701779 98.661075 -0.129711 10.600398 0.015361 
58 38.423335 0.000000 -19.150890 93.744148 0.438602 7.310602 0.115840 
59 11.214737 0.000000 6.400000 100.098219 0.000000 8.121551 -0.008561 
60 -288.079842 0.000000 -95.803559 99.450254 0.000235 10.457067 0.000030 
61 -396.914234 0.000000 -95.803559 99.451411 0.000131 10.455272 0.000010 
62 -288.079842 0.000000 -198.007117 99.448246 0.000754 10.456456 0.000071 
63 -288.079842 0.000000 6.400000 99.452751 -0.000295 10.457268 -0.000020 
64 -124.828253 0.000000 -44.701779 99.444180 -0.000446 10.472944 0.000117 
65 -179.245449 0.000000 -44.701779 99.449353 -0.000129 10.462568 0.000036 
66 -124.828253 0.000000 -95.803559 99.435208 -0.000264 10.470284 0.000301 
67 -124.828253 0.000000 6.400000 99.455050 -0.000457 10.471330 -0.000096 
68 -43.202459 0.000000 -19.150890 99.425447 -0.004182 10.531453 0.000367 
69 -70.411057 0.000000 -19.150890 99.442513 -0.001729 10.493852 0.000107 
70 -43.202459 0.000000 -44.701779 99.389967 -0.006288 10.519706 0.001097 
71 -43.202459 0.000000 6.400000 99.469468 0.000203 10.532221 -0.000510 
72 92.840531 0.000000 57.501779 99.845400 -0.182047 8.802165 -0.004662 
73 147.257728 0.000000 57.501779 99.678814 -0.204726 8.591512 -0.000972 
74 92.840531 0.000000 108.603559 99.712755 -0.104909 9.919508 -0.004104 
75 11.214737 0.000000 31.950890 100.344153 0.302015 10.678593 -0.018307 
76 -15.993861 0.000000 31.950890 99.637055 0.044195 10.598681 -0.003988 
77 38.423335 0.000000 31.950890 102.918921 -0.234232 8.894891 -0.067148 
78 11.214737 0.000000 57.501779 100.223600 0.052593 10.511293 -0.015526 
79 -2.389562 0.000000 -6.375445 99.237019 -0.344202 10.776405 0.003576 
80 -15.993861 0.000000 -6.375445 99.427077 -0.021810 10.622845 0.000141 
81 -2.389562 0.000000 -19.150890 99.176701 -0.268167 10.697550 0.004947 
82 11.214737 0.000000 -6.375445 99.036056 0.000000 8.126656 0.012582 
83 -2.389562 0.000000 6.400000 99.723091 0.337856 10.772865 -0.006086 
84 65.631933 0.000000 -19.150890 98.670799 0.156095 6.182550 0.022583 
85 65.631933 0.000000 -44.701779 98.703611 0.169504 8.613574 0.018337 
86 92.840531 0.000000 -19.150890 99.618758 0.282975 6.428247 0.003470 
87 65.631933 0.000000 6.400000 101.851000 0.221696 1.007753 -0.037469 
88 24.819036 0.000000 -6.375445 93.698261 -0.153920 6.199857 0.118217 
89 24.819036 0.000000 -19.150890 95.868717 -0.381381 10.910010 0.069002 
90 38.423335 0.000000 -6.375445 93.978354 0.338402 -2.615709 0.116111 
91 24.819036 0.000000 6.400000 107.749586 -0.105280 9.206571 -0.169475 
92 -288.079842 0.000000 108.603559 99.455196 -0.000825 10.456974 -0.000068 
93 -396.914234 0.000000 108.603559 99.453545 -0.000592 10.455238 -0.000032 
94 -288.079842 0.000000 210.807117 99.457073 -0.001340 10.456298 -0.000104 
95 -124.828253 0.000000 57.501779 99.465788 -0.000419 10.472266 -0.000311 
96 -179.245449 0.000000 57.501779 99.457780 -0.000608 10.462355 -0.000131 
97 -124.828253 0.000000 108.603559 99.473817 -0.000715 10.469114 -0.000464 
98 -43.202459 0.000000 31.950890 99.510909 0.003536 10.527097 -0.001324 
99 -70.411057 0.000000 31.950890 99.477104 0.001402 10.492298 -0.000578 
100 -43.202459 0.000000 57.501779 99.540662 0.005699 10.514342 -0.001889 
101 -2.389562 0.000000 19.175445 99.776966 0.261866 10.689334 -0.006977 
102 -15.993861 0.000000 19.175445 99.575801 0.040252 10.607472 -0.002786 
103 11.214737 0.000000 19.175445 100.312993 0.776934 10.777804 -0.017946 
104 -2.389562 0.000000 31.950890 99.832205 0.154263 10.643673 -0.007978 
105 4.412588 0.000000 0.012278 99.536452 -0.001378 1.645888 0.008979 
106 -2.389562 0.000000 0.012278 99.481244 -0.002043 10.860044 -0.001446 
107 4.412588 0.000000 -6.375445 98.631471 -2.225452 10.265014 0.016151 
108 11.214737 0.000000 0.012278 99.555535 -0.000612 2.298711 0.008341 
109 4.412588 0.000000 6.400000 100.357787 2.206660 10.261587 -0.018185 
110 65.631933 0.000000 31.950890 100.797861 -0.157027 7.298050 -0.021349 
111 92.840531 0.000000 31.950890 99.958657 -0.216828 6.920158 -0.003967 
112 65.631933 0.000000 57.501779 100.348667 -0.153866 9.001251 -0.015090 
113 24.819036 0.000000 19.175445 102.934430 0.376321 10.716617 -0.071048 
114 38.423335 0.000000 19.175445 105.433647 -0.469099 7.359834 -0.117064 
115 24.819036 0.000000 31.950890 101.786023 0.097565 10.407390 -0.046872 
116 18.016887 0.000000 0.012278 99.830316 -0.005444 3.071534 0.002447 
117 18.016887 0.000000 -6.375445 99.136235 0.000000 7.739123 0.011211 
118 24.819036 0.000000 0.012278 107.632499 -0.215839 2.392372 -0.159052 
119 18.016887 0.000000 6.400000 100.531335 0.000000 7.568510 -0.016383 
120 -70.411057 0.000000 -300.210676 99.416658 0.003613 10.452957 0.000706 
121 -179.245449 0.000000 -300.210676 99.439349 0.001979 10.456598 0.000248 
122 -70.411057 0.000000 -402.414234 99.427045 0.004855 10.450539 0.000505 
123 38.423335 0.000000 -300.210676 99.388164 0.011211 10.423030 0.001335 
124 -15.993861 0.000000 -146.905338 99.304495 -0.004507 10.456263 0.002928 
125 -70.411057 0.000000 -146.905338 99.395833 -0.001685 10.472289 0.001080 
126 -15.993861 0.000000 -198.007117 99.340196 -0.000357 10.446950 0.002239 
127 38.423335 0.000000 -146.905338 99.184007 0.003892 10.335459 0.005571 
128 11.214737 0.000000 -70.252669 98.851922 -0.022732 10.466746 0.011874 
129 -15.993861 0.000000 -70.252669 99.230093 -0.020910 10.531374 0.004248 
130 11.214737 0.000000 -95.803559 99.021062 0.002005 10.427681 0.008609 
131 38.423335 0.000000 -70.252669 98.431456 0.075121 10.000730 0.021123 
132 24.819036 0.000000 -31.926334 97.144994 -0.109428 10.485925 0.045288 
133 11.214737 0.000000 -31.926334 98.621574 -0.310841 10.714111 0.015890 
134 24.819036 0.000000 -44.701779 97.853201 -0.025315 10.342641 0.031778 
135 38.423335 0.000000 -31.926334 96.181709 0.230566 8.953481 0.066886 
136 18.016887 0.000000 -12.763167 98.083074 -1.472028 11.119550 0.025390 
137 11.214737 0.000000 -12.763167 98.809264 -1.419028 10.761701 0.011890 
138 18.016887 0.000000 -19.150890 97.909552 -0.760235 11.019783 0.029171 
139 24.819036 0.000000 -12.763167 94.808049 -0.738423 11.357881 0.088189 
140 14.615812 0.000000 -3.181584 99.221649 -0.000199 6.068229 0.011824 
141 11.214737 0.000000 -3.181584 99.210121 -0.000151 5.252966 0.012976 
142 14.615812 0.000000 -6.375445 99.119579 0.000000 7.281007 0.012230 
143 18.016887 0.000000 -3.181584 99.623527 -0.005479 3.097163 0.006556 
144 14.615812 0.000000 0.012278 99.643716 -0.001208 1.974317 0.006723 
145 18.016887 0.000000 12.787722 101.029374 1.465916 10.975758 -0.032955 
146 11.214737 0.000000 12.787722 100.230270 1.408610 10.723542 -0.016309 
147 24.819036 0.000000 12.787722 103.794650 0.732794 11.018368 -0.089527 
148 18.016887 0.000000 19.175445 101.103230 0.751049 10.905313 -0.034135 
149 14.615812 0.000000 3.206139 100.011762 -0.000197 6.068761 -0.003918 
150 11.214737 0.000000 3.206139 99.917325 -0.000141 5.427704 -0.001293 
151 18.016887 0.000000 3.206139 100.049673 -0.005474 3.056033 -0.001928 
152 14.615812 0.000000 6.400000 100.072545 0.000000 7.253073 -0.006712 
153 52.027634 0.000000 -6.375445 98.947473 0.000000 1.486263 0.020719 
154 52.027634 0.000000 -19.150890 97.387182 0.229253 5.963037 0.048013 
155 65.631933 0.000000 -6.375445 98.544401 -0.245090 3.782104 0.027464 
156 52.027634 0.000000 6.400000 100.809642 0.000000 2.324073 -0.016799 
157 31.621186 0.000000 0.012278 110.028333 -0.273934 -0.747604 -0.210687 
158 31.621186 0.000000 -6.375445 90.018735 -0.026568 1.397865 0.189467 
159 38.423335 0.000000 0.012278 107.088527 -0.000064 -1.320217 -0.146970 
160 31.621186 0.000000 6.400000 111.738789 -0.018976 4.617661 -0.250688 
161 52.027634 0.000000 19.175445 102.131058 -0.175074 5.782410 -0.046422 
162 65.631933 0.000000 19.175445 101.461476 -0.000000 5.260694 -0.032211 
163 52.027634 0.000000 31.950890 101.729571 -0.187131 7.663820 -0.040767 
164 45.225485 0.000000 0.012278 100.546685 0.114364 -0.355390 -0.010978 
165 45.225485 0.000000 -6.375445 98.045963 0.232724 -1.454901 0.038482 
166 52.027634 0.000000 0.012278 99.906633 0.013623 0.453346 0.001846 
167 45.225485 0.000000 6.400000 103.191052 0.000000 0.733368 -0.064893 
168 147.257728 0.000000 -300.210676 99.417829 0.027939 10.392569 0.000809 
169 147.257728 0.000000 -402.414234 99.427592 0.019946 10.421135 0.000555 
170 256.092120 0.000000 -300.210676 99.443204 0.037986 10.391317 0.000307 
171 92.840531 0.000000 -146.905338 99.300983 0.032827 10.209181 0.003509 
172 92.840531 0.000000 -198.007117 99.338243 0.023370 10.321912 0.002537 
173 147.257728 0.000000 -146.905338 99.405649 0.065369 10.198662 0.001450 
174 65.631933 0.000000 -70.252669 98.878829 0.125365 9.557460 0.013162 
175 65.631933 0.000000 -95.803559 99.044290 0.090416 9.962799 0.009096 
176 92.840531 0.000000 -70.252669 99.265922 0.145467 9.500154 0.005600 
177 52.027634 0.000000 -31.926334 97.583419 0.202515 7.848174 0.041584 
178 52.027634 0.000000 -44.701779 98.004333 0.169359 8.835721 0.031705 
179 65.631933 0.000000 -31.926334 98.664401 0.176123 7.704651 0.020594 
180 45.225485 0.000000 -12.763167 95.454950 0.534774 4.200378 0.087042 
181 38.423335 0.000000 -12.763167 91.876803 0.731806 5.265367 0.153039 
182 45.225485 0.000000 -19.150890 95.664852 0.385363 6.131985 0.081049 
183 52.027634 0.000000 -12.763167 97.700054 0.185399 4.578448 0.043370 
184 364.926512 0.000000 -95.803559 99.485052 0.108360 10.108078 0.000054 
185 364.926512 0.000000 -198.007117 99.458912 0.061022 10.337743 0.000105 
186 473.760905 0.000000 -95.803559 99.481420 0.101228 10.159929 0.000021 
187 364.926512 0.000000 6.400000 99.820433 0.287004 6.945465 -0.001244 
188 201.674924 0.000000 -44.701779 99.571593 0.192090 9.183739 0.000112 
189 201.674924 0.000000 -95.803559 99.475693 0.114669 9.990767 0.000476 
190 256.092120 0.000000 -44.701779 99.560360 0.181873 9.353593 0.000021 
191 201.674924 0.000000 6.400000 100.171275 0.296014 3.597171 -0.004731 
192 120.049130 0.000000 -19.150890 99.768638 0.283298 6.852241 -0.000081 
193 120.049130 0.000000 -44.701779 99.526305 0.205138 8.816139 0.001675 
194 147.257728 0.000000 -19.150890 99.767284 0.274589 7.224628 -0.000578 
195 120.049130 0.000000 6.400000 100.313308 -1.941548 1.906944 -0.007017 
196 79.236232 0.000000 -6.375445 99.546740 0.285086 3.590667 0.007747 
197 79.236232 0.000000 -19.150890 99.307903 0.256828 6.240627 0.009893 
198 92.840531 0.000000 -6.375445 99.870343 0.303793 3.950180 0.001022 
199 79.236232 0.000000 6.400000 100.115835 -0.934124 1.990684 -0.002802 
200 58.829784 0.000000 0.012278 99.616144 -0.005975 0.671428 0.007617 
201 58.829784 0.000000 -6.375445 99.277933 0.000000 2.535075 0.013747 
202 65.631933 0.000000 0.012278 97.341521 -0.003238 0.369479 0.052449 
203 58.829784 0.000000 6.400000 100.004084 0.000000 2.578955 -0.000747 
204 48.626560 0.000000 -3.181584 99.078821 0.056590 0.241172 0.018333 
205 45.225485 0.000000 -3.181584 99.272929 0.123051 -0.657329 0.014444 
206 48.626560 0.000000 -6.375445 98.529656 0.043792 0.308814 0.029181 
207 52.027634 0.000000 -3.181584 99.530245 0.022046 0.702600 0.009324 
208 48.626560 0.000000 0.012278 100.157188 0.075571 0.089738 -0.003148 
209 45.225485 0.000000 12.787722 104.269024 -0.452153 4.313454 -0.089084 
210 38.423335 0.000000 12.787722 107.398208 -0.832591 5.603550 -0.156647 
211 52.027634 0.000000 12.787722 101.938971 -0.097195 4.476532 -0.041160 
212 45.225485 0.000000 19.175445 103.812394 -0.352249 6.087022 -0.081419 
213 48.626560 0.000000 3.206139 101.061392 0.038097 0.614992 -0.021378 
214 45.225485 0.000000 3.206139 101.846711 0.102290 -0.120263 -0.037278 
215 52.027634 0.000000 3.206139 100.316913 0.019446 1.044887 -0.006458 
216 48.626560 0.000000 6.400000 101.666351 0.000000 1.148941 -0.033737 
217 41.824410 0.000000 -3.181584 100.039872 0.151402 -1.425758 -0.001003 
218 38.423335 0.000000 -3.181584 97.875080 0.080044 -2.976242 0.041160 
219 41.824410 0.000000 -6.375445 95.995999 0.299640 -2.336233 0.077922 
220 41.824410 0.000000 0.012278 103.056332 0.097919 -0.870648 -0.062138 
221 21.417961 0.000000 -3.181584 98.621870 -0.039008 5.574371 0.024265 
222 21.417961 0.000000 -6.375445 98.056720 -0.101522 7.362721 0.033066 
223 24.819036 0.000000 -3.181584 104.623983 -0.216550 1.945369 -0.095001 
224 21.417961 0.000000 0.012278 102.222732 -0.069827 2.758037 -0.045710 
225 364.926512 0.000000 108.603559 99.549264 -0.164875 9.548009 -0.000125 
226 473.760905 0.000000 108.603559 99.576645 -0.182889 9.276257 -0.000159 
227 364.926512 0.000000 210.807117 99.476383 -0.079860 10.260815 -0.000084 
228 201.674924 0.000000 57.501779 99.689381 -0.214608 8.281001 -0.000659 
229 256.092120 0.000000 57.501779 99.726444 -0.223631 7.880950 -0.000752 
230 201.674924 0.000000 108.603559 99.540055 -0.135569 9.800321 -0.000429 
231 120.049130 0.000000 31.950890 99.871679 -0.228787 6.714396 -0.001949 
232 147.257728 0.000000 31.950890 99.893540 -0.233985 6.380874 -0.001949 
233 120.049130 0.000000 57.501779 99.707851 -0.196777 8.708178 -0.001753 
234 79.236232 0.000000 19.175445 100.334867 -0.436332 5.081986 -0.009310 
235 92.840531 0.000000 19.175445 100.020932 0.028418 5.050207 -0.002969 
236 79.236232 0.000000 31.950890 100.248977 -0.197479 7.003806 -0.009895 
237 72.434083 0.000000 0.012278 98.489395 0.008281 0.404190 0.029968 
238 72.434083 0.000000 -6.375445 98.902854 0.170982 3.473915 0.020613 
239 79.236232 0.000000 0.012278 99.793424 0.054772 2.079860 0.003694 
240 72.434083 0.000000 6.400000 99.987025 -0.237167 -0.003162 0.000254 
241 58.829784 0.000000 12.787722 101.121827 0.000000 4.790319 -0.024857 
242 65.631933 0.000000 12.787722 102.006706 -0.000000 4.559073 -0.042615 
243 58.829784 0.000000 19.175445 101.302359 -0.097459 5.834244 -0.029622 
244 62.230859 0.000000 3.206139 99.099644 0.101010 1.734771 0.017624 
245 58.829784 0.000000 3.206139 99.999764 0.000327 2.067870 -0.000423 
246 62.230859 0.000000 0.012278 98.412824 -0.006202 0.448167 0.031472 
247 65.631933 0.000000 3.206139 97.738104 0.139449 0.424890 0.044706 
248 62.230859 0.000000 6.400000 102.201773 0.100234 2.768330 -0.045288 
249 72.434083 0.000000 12.787722 101.299370 -0.099186 3.524926 -0.027400 
250 79.236232 0.000000 12.787722 100.325759 -0.543927 3.506117 -0.007785 
251 72.434083 0.000000 19.175445 100.953309 -0.270379 5.170597 -0.021838 
252 69.033008 0.000000 3.206139 98.250401 -0.008583 0.294487 0.034677 
253 69.033008 0.000000 0.012278 97.711946 0.003563 0.366459 0.045224 
254 72.434083 0.000000 3.206139 99.988402 -0.225441 -0.003567 0.000227 
255 69.033008 0.000000 6.400000 100.016015 -0.022768 -0.009756 -0.000320 
256 62.230859 0.000000 9.593861 101.588130 0.000000 4.488038 -0.034029 
257 58.829784 0.000000 9.593861 100.912861 0.000000 4.249874 -0.020147 
258 65.631933 0.000000 9.593861 102.634282 -0.000000 3.963780 -0.054951 
259 62.230859 0.000000 12.787722 101.432228 0.000000 4.885368 -0.031236 
260 63.931396 0.000000 4.803069 101.185565 0.204684 0.680180 -0.023902 
261 62.230859 0.000000 4.803069 101.103069 0.137090 1.830098 -0.022520 
262 63.931396 0.000000 3.206139 97.804620 0.118442 0.793137 0.043361 
263 65.631933 0.000000 4.803069 99.949672 0.207746 0.278681 0.000994 
264 63.931396 0.000000 6.400000 103.205201 0.133673 1.743654 -0.065437 
265 55.428709 0.000000 3.206139 100.066389 -0.004160 1.343583 -0.001509 
266 55.428709 0.000000 0.012278 99.775155 -0.006785 0.644872 0.004450 
267 55.428709 0.000000 6.400000 100.597810 0.000000 3.043367 -0.012918 
268 60.530321 0.000000 4.803069 100.258656 0.054070 2.589600 -0.005851 
269 58.829784 0.000000 4.803069 101.155637 0.000000 1.723471 -0.023543 
270 60.530321 0.000000 3.206139 99.880770 0.025471 2.652451 0.001680 
271 60.530321 0.000000 6.400000 100.109984 0.000000 3.352553 -0.003325 
272 58.829784 0.000000 -12.763167 98.531358 0.032761 5.010963 0.026646 
273 58.829784 0.000000 -19.150890 98.298324 0.157216 6.101077 0.030019 
274 65.631933 0.000000 -12.763167 98.695350 0.092768 5.136097 0.023284 
275 62.230859 0.000000 -3.181584 98.766368 -0.000000 2.317272 0.023983 
276 58.829784 0.000000 -3.181584 99.317955 0.000354 2.018642 0.013187 
277 62.230859 0.000000 -6.375445 98.797778 -0.442027 3.842573 0.022404 
278 65.631933 0.000000 -3.181584 98.170919 -0.000000 2.054797 0.035825 
279 63.931396 0.000000 1.609208 96.959936 0.037046 0.716506 0.059826 
280 62.230859 0.000000 1.609208 98.272762 0.022982 1.016746 0.034143 
281 63.931396 0.000000 0.012278 97.452430 0.002882 0.399431 0.050286 
282 65.631933 0.000000 1.609208 97.000483 0.028131 0.476328 0.059068 
283 63.081127 0.000000 4.004604 94.164271 0.068137 -1.579584 0.113059 
284 62.230859 0.000000 4.004604 99.346296 0.072893 2.259907 0.012520 
285 63.081127 0.000000 3.206139 98.832695 0.118619 1.260526 0.023050 
286 63.931396 0.000000 4.004604 99.184839 0.197465 -0.034268 0.016233 
287 63.081127 0.000000 4.803069 101.259202 0.162093 1.263559 -0.025505 
288 55.428709 0.000000 9.593861 101.037325 0.000000 3.912035 -0.022385 
289 52.027634 0.000000 9.593861 101.177972 0.000000 3.692589 -0.025062 
290 55.428709 0.000000 12.787722 101.005122 0.000000 4.471246 -0.022203 
291 57.129246 0.000000 4.803069 100.296485 -0.003320 1.126912 -0.006065 
292 55.428709 0.000000 4.803069 100.226932 -0.047124 1.826928 -0.004878 
293 57.129246 0.000000 3.206139 100.107022 0.000349 1.726082 -0.002440 
294 57.129246 0.000000 6.400000 100.239661 0.000000 2.614238 -0.005482 
295 60.530321 0.000000 1.609208 99.490026 -0.002987 1.315299 0.010000 
296 58.829784 0.000000 1.609208 99.768562 -0.005487 1.073479 0.004508 
297 60.530321 0.000000 0.012278 99.329208 -0.006846 0.607340 0.013334 
298 59.680053 0.000000 4.004604 100.622403 0.000000 3.018477 -0.013398 
299 58.829784 0.000000 4.004604 100.606960 0.000000 2.481449 -0.012792 
300 59.680053 0.000000 3.206139 99.842020 -0.000000 2.387506 0.002587 
301 60.530321 0.000000 4.004604 100.119795 0.033081 2.934703 -0.003259 
302 59.680053 0.000000 4.803069 101.372595 0.000000 2.705378 -0.028372 
303 60.530321 0.000000 7.996931 101.002167 0.000000 4.224569 -0.021928 
304 58.829784 0.000000 7.996931 100.786797 0.000000 4.045721 -0.017435 
305 62.230859 0.000000 7.996931 101.937096 -0.000000 4.208481 -0.040888 
306 60.530321 0.000000 9.593861 101.045451 0.000000 4.436468 -0.022987 
307 59.680053 0.000000 5.601535 99.909541 0.000000 2.750693 0.001052 
308 58.829784 0.000000 5.601535 100.074380 -0.142805 1.074799 -0.001606 
309 60.530321 0.000000 5.601535 100.138017 0.046775 2.862021 -0.003582 
310 59.680053 0.000000 6.400000 99.920697 0.000000 3.014149 0.000677 
311 61.380590 0.000000 5.601535 101.363290 0.105833 2.649920 -0.028155 
312 61.380590 0.000000 4.803069 101.117416 0.117143 2.385095 -0.023043 
313 62.230859 0.000000 5.601535 102.478545 0.131429 2.276453 -0.050705 
314 61.380590 0.000000 6.400000 101.473230 0.072304 3.013821 -0.030590 
315 60.105187 0.000000 5.202302 100.865101 0.065235 1.396017 -0.017572 
316 59.680053 0.000000 5.202302 101.265105 -0.147394 1.101705 -0.025586 
317 60.105187 0.000000 4.803069 100.593943 -0.000000 3.205106 -0.012941 
318 60.530321 0.000000 5.202302 100.194483 0.047406 2.778531 -0.004666 
319 60.105187 0.000000 5.601535 99.893205 0.000000 2.937856 0.001272 
320 57.129246 0.000000 7.996931 100.808296 0.000000 3.719175 -0.017614 
321 55.428709 0.000000 7.996931 101.026501 0.000000 3.577260 -0.021915 
322 57.129246 0.000000 9.593861 101.004343 0.000000 4.081299 -0.021853 
323 57.979515 0.000000 5.601535 100.332409 -0.161487 0.886406 -0.006740 
324 57.129246 0.000000 5.601535 100.409320 -0.018045 0.956729 -0.008295 
325 57.979515 0.000000 4.803069 100.680012 -0.059117 1.098582 -0.013768 
326 57.979515 0.000000 6.400000 100.276540 0.000000 2.490770 -0.006159 
327 59.254918 0.000000 5.202302 100.578473 -0.106109 1.064058 -0.011717 
328 58.829784 0.000000 5.202302 100.482322 -0.108078 0.773131 -0.009731 
329 59.254918 0.000000 4.803069 101.331026 -0.000000 2.066086 -0.027225 
330 59.254918 0.000000 5.601535 100.045054 -0.095527 1.321999 -0.001077 
331 59.680053 0.000000 7.198465 100.179427 -0.000000 3.354567 -0.004717 
332 58.829784 0.000000 7.198465 100.354980 0.000000 3.208877 -0.008142 
333 60.530321 0.000000 7.198465 100.401388 0.000000 3.590267 -0.009333 
334 59.680053 0.000000 7.996931 100.855360 0.000000 4.224070 -0.018965 
335 60.105187 0.000000 6.000767 99.480103 0.000000 2.733025 0.009624 
336 59.680053 0.000000 6.000767 99.716770 0.000000 2.767805 0.004891 
337 60.530321 0.000000 6.000767 100.262704 0.000000 3.218720 -0.006297 
338 60.105187 0.000000 6.400000 99.872812 0.000000 3.054688 0.001609 
339 59.892620 0.000000 5.401918 100.214286 -0.043189 1.274553 -0.004453 
340 59.680053 0.000000 5.401918 100.257506 -0.108227 1.455924 -0.005370 
341 59.892620 0.000000 5.202302 101.103528 -0.072606 1.025993 -0.022298 
342 60.105187 0.000000 5.401918 100.658406 0.089252 0.798544 -0.013276 
343 59.892620 0.000000 5.601535 99.845140 0.000000 2.823831 0.002297 
344 61.380590 0.000000 4.004604 100.327097 0.068269 2.824193 -0.007351 
345 61.380590 0.000000 3.206139 99.384036 0.051342 2.520883 0.011646 
346 60.105187 0.000000 4.403837 100.243284 -0.000000 3.193322 -0.005891 
347 59.680053 0.000000 4.403837 100.880700 0.000000 3.014742 -0.018600 
348 60.105187 0.000000 4.004604 100.434075 -0.000000 3.354999 -0.009826 
349 60.530321 0.000000 4.403837 100.137388 0.067394 2.645367 -0.003450 
350 60.955456 0.000000 4.403837 100.483143 0.086388 2.729997 -0.010432 
351 60.955456 0.000000 4.004604 100.367051 0.066668 2.804430 -0.008141 
352 61.380590 0.000000 4.403837 100.841045 0.107556 2.603147 -0.017570 
353 60.955456 0.000000 4.803069 100.732443 0.118979 2.388154 -0.015274 
354 60.317754 0.000000 4.603453 99.865575 0.019144 2.833254 0.001884 
355 60.105187 0.000000 4.603453 100.363162 -0.000000 3.242710 -0.008328 
356 60.317754 0.000000 4.403837 99.801429 0.013052 2.880712 0.003138 
357 60.530321 0.000000 4.603453 100.135114 0.050245 2.756389 -0.003464 
358 60.317754 0.000000 4.803069 99.950385 0.014970 2.860025 0.000174 
359 53.728172 0.000000 4.803069 100.544721 0.000000 2.362562 -0.011482 
360 52.027634 0.000000 4.803069 100.719375 0.000000 2.079495 -0.014872 
361 53.728172 0.000000 3.206139 100.188887 -0.002974 1.734238 -0.004082 
362 53.728172 0.000000 6.400000 100.556269 0.000000 2.762975 -0.011920 
363 56.278978 0.000000 5.601535 100.377283 0.029716 1.114923 -0.007684 
364 55.428709 0.000000 5.601535 100.419677 -0.199927 1.011755 -0.008518 
365 56.278978 0.000000 4.803069 100.210234 0.010507 1.272619 -0.004371 
366 56.278978 0.000000 6.400000 100.213158 0.000000 2.874102 -0.005094 
367 55.428709 0.000000 -3.181584 99.529976 -0.006126 1.190901 0.009237 
368 55.428709 0.000000 -6.375445 99.253702 0.000000 2.079606 0.014438 
369 57.129246 0.000000 1.609208 99.905029 -0.007129 0.812718 0.001832 
370 55.428709 0.000000 1.609208 99.919358 -0.005681 0.836385 0.001542 
371 57.129246 0.000000 0.012278 99.762198 -0.007467 0.678897 0.004704 
372 57.979515 0.000000 4.004604 100.528647 -0.000000 2.084348 -0.011035 
373 57.129246 0.000000 4.004604 100.236689 -0.000000 1.935244 -0.005114 
374 57.979515 0.000000 3.206139 100.264323 0.000070 2.022796 -0.005703 
375 57.554381 0.000000 5.202302 100.550355 -0.058939 0.717900 -0.011089 
376 57.129246 0.000000 5.202302 100.343286 -0.006245 0.709715 -0.006928 
377 57.554381 0.000000 4.803069 100.517711 -0.022068 1.089334 -0.010500 
378 57.979515 0.000000 5.202302 100.506111 -0.158140 0.625649 -0.010189 
379 57.554381 0.000000 5.601535 100.397285 -0.090653 0.913970 -0.008046 
380 56.278978 0.000000 4.004604 100.001363 0.000000 1.816221 -0.000357 
381 55.428709 0.000000 4.004604 100.094231 0.000060 1.533617 -0.002121 
382 56.278978 0.000000 3.206139 100.177536 -0.000428 1.803726 -0.003879 
383 56.704112 0.000000 5.202302 100.283899 0.016918 0.753886 -0.005743 
384 56.278978 0.000000 5.202302 100.376681 0.039868 0.835918 -0.007618 
385 56.704112 0.000000 4.803069 100.113597 0.003782 1.047212 -0.002383 
386 56.704112 0.000000 5.601535 100.420014 0.034003 0.993713 -0.008517 
387 57.979515 0.000000 7.198465 100.470669 0.000000 2.963517 -0.010314 
388 57.129246 0.000000 7.198465 100.393336 0.000000 3.025907 -0.008798 
389 57.979515 0.000000 7.996931 100.761734 0.000000 3.853815 -0.016778 
390 57.554381 0.000000 6.000767 100.129523 -0.009942 1.374651 -0.002781 
391 57.129246 0.000000 6.000767 100.344070 -0.005779 1.958750 -0.007277 
392 57.979515 0.000000 6.000767 100.229355 0.000000 2.339294 -0.005140 
393 57.554381 0.000000 6.400000 100.287885 0.000000 2.388943 -0.006337 
394 57.341814 0.000000 5.401918 100.294641 -0.023937 0.715423 -0.005953 
395 57.129246 0.000000 5.401918 100.219139 -0.002686 0.848232 -0.004460 
396 57.341814 0.000000 5.202302 100.414680 -0.027043 0.693343 -0.008359 
397 57.554381 0.000000 5.401918 100.415641 -0.057373 0.752879 -0.008387 
398 57.341814 0.000000 5.601535 100.355354 -0.064320 1.007784 -0.007222 
399 48.626560 0.000000 9.593861 102.671047 -0.214011 3.415391 -0.055305 
400 45.225485 0.000000 9.593861 104.257276 -0.507388 3.194662 -0.088004 
401 48.626560 0.000000 12.787722 102.893618 -0.255152 4.314562 -0.060578 
402 53.728172 0.000000 7.996931 100.779044 0.000000 3.216425 -0.016676 
403 52.027634 0.000000 7.996931 100.967205 0.000000 3.143437 -0.020426 
404 53.728172 0.000000 9.593861 101.128260 0.000000 3.669689 -0.024039 
405 56.278978 0.000000 7.198465 100.423063 0.000000 3.261023 -0.009543 
406 55.428709 0.000000 7.198465 100.738321 0.000000 3.239108 -0.015870 
407 56.278978 0.000000 7.996931 100.909716 0.000000 3.640501 -0.019602 
408 56.704112 0.000000 6.000767 100.205025 0.000000 2.583043 -0.004772 
409 56.278978 0.000000 6.000767 100.201473 0.000000 2.641964 -0.004732 
410 56.704112 0.000000 6.400000 100.135174 0.000000 2.735862 -0.003454 
411 56.916679 0.000000 5.401918 100.365140 0.002805 0.671748 -0.007361 
412 56.704112 0.000000 5.401918 100.369148 0.025213 0.746547 -0.007452 
413 56.916679 0.000000 5.202302 100.318254 0.001491 0.677970 -0.006421 
414 56.916679 0.000000 5.601535 100.356129 0.007816 1.000563 -0.007235 
415 57.554381 0.000000 4.403837 100.426870 -0.000000 1.687818 -0.008840 
416 57.129246 0.000000 4.403837 100.227858 0.000000 1.652009 -0.004835 
417 57.554381 0.000000 4.004604 100.398861 -0.000000 1.967266 -0.008380 
418 57.979515 0.000000 4.403837 100.669602 -0.000000 1.721538 -0.013733 
419 57.341814 0.000000 5.002686 100.438269 -0.021620 0.846690 -0.008856 
420 57.129246 0.000000 5.002686 100.314825 -0.005142 0.812653 -0.006372 
421 57.341814 0.000000 4.803069 100.394132 -0.008494 1.152197 -0.008031 
422 57.554381 0.000000 5.002686 100.592802 -0.046828 0.856873 -0.011965 
423 57.235530 0.000000 5.302110 100.326410 -0.019598 0.645653 -0.006581 
424 57.129246 0.000000 5.302110 100.304562 -0.007825 0.690651 -0.006148 
425 57.235530 0.000000 5.202302 100.381883 -0.018070 0.648154 -0.007694 
426 57.341814 0.000000 5.302110 100.377540 -0.055586 0.383863 -0.007580 
427 57.235530 0.000000 5.401918 100.153824 -0.005611 0.725676 -0.003132 
428 53.728172 0.000000 1.609208 100.085365 0.004374 0.984957 -0.001805 
429 52.027634 0.000000 1.609208 100.145379 0.013987 0.689021 -0.002957 
430 53.728172 0.000000 0.012278 99.827384 0.005665 0.501408 0.003424 
431 54.578440 0.000000 4.004604 99.702328 -0.000224 1.769861 0.005631 
432 53.728172 0.000000 4.004604 100.196582 -0.000533 1.925652 -0.004306 
433 54.578440 0.000000 3.206139 99.973051 -0.004097 1.514281 0.000310 
434 54.578440 0.000000 4.803069 100.086901 0.000000 2.414365 -0.002322 
435 56.278978 0.000000 2.407673 100.075024 -0.002434 1.497960 -0.001725 
436 55.428709 0.000000 2.407673 100.007539 -0.005574 1.187434 -0.000292 
437 56.278978 0.000000 1.609208 99.943078 -0.005073 0.973219 0.001043 
438 57.129246 0.000000 2.407673 99.983016 -0.001971 1.174436 0.000202 
439 55.853843 0.000000 3.605371 100.094593 -0.000251 1.546969 -0.002132 
440 55.428709 0.000000 3.605371 100.082352 -0.001076 1.396818 -0.001843 
441 55.853843 0.000000 3.206139 100.078143 -0.001993 1.429098 -0.001768 
442 56.278978 0.000000 3.605371 100.069140 0.000232 1.719518 -0.001679 
443 55.853843 0.000000 4.004604 100.036143 0.000169 1.675421 -0.001004 
444 50.327097 0.000000 4.803069 100.858251 0.018244 1.429151 -0.017443 
445 48.626560 0.000000 4.803069 101.499843 0.032023 0.854220 -0.030295 
446 50.327097 0.000000 3.206139 100.614625 0.028309 0.926951 -0.012416 
447 50.327097 0.000000 6.400000 101.185581 0.000000 1.725704 -0.024150 
448 52.877903 0.000000 4.004604 100.511300 0.000055 2.063568 -0.010678 
449 52.027634 0.000000 4.004604 100.620226 0.010202 1.892334 -0.012801 
450 52.877903 0.000000 3.206139 100.312071 0.002766 1.422457 -0.006454 
451 52.877903 0.000000 4.803069 100.656053 0.000000 2.266785 -0.013678 
452 50.327097 0.000000 1.609208 100.238387 0.031250 0.582266 -0.004807 
453 48.626560 0.000000 1.609208 100.677476 0.057773 0.258496 -0.013602 
454 50.327097 0.000000 0.012278 99.968888 0.040340 0.340091 0.000610 
455 52.877903 0.000000 2.407673 100.174923 0.010752 0.987614 -0.003599 
456 52.027634 0.000000 2.407673 100.257600 0.013332 0.831182 -0.005228 
457 52.877903 0.000000 1.609208 100.085545 0.010740 0.747513 -0.001768 
458 53.728172 0.000000 2.407673 100.175028 -0.003970 1.360452 -0.003689 
459 53.303037 0.000000 3.605371 100.383045 -0.001946 1.890404 -0.008033 
460 52.877903 0.000000 3.605371 100.424708 -0.001530 1.840351 -0.008851 
461 53.303037 0.000000 3.206139 100.267815 -0.004196 1.523727 -0.005596 
462 53.728172 0.000000 3.605371 100.188108 -0.001774 1.838477 -0.004104 
463 53.303037 0.000000 4.004604 100.439690 -0.000201 2.026471 -0.009224 
464 51.177366 0.000000 4.004604 100.624019 0.029433 1.316329 -0.012693 
465 50.327097 0.000000 4.004604 100.683230 0.028952 1.075964 -0.013827 
466 51.177366 0.000000 3.206139 100.419828 0.025356 0.933578 -0.008501 
467 51.177366 0.000000 4.803069 100.834905 0.000000 1.848347 -0.017109 
468 51.177366 0.000000 2.407673 100.283632 0.023257 0.735598 -0.005735 
469 50.327097 0.000000 2.407673 100.437485 0.030390 0.730352 -0.008822 
470 51.177366 0.000000 1.609208 100.135325 0.021456 0.533070 -0.002737 
471 51.602500 0.000000 3.605371 100.555775 0.021301 1.469723 -0.011362 
472 51.177366 0.000000 3.605371 100.546641 0.028678 1.149068 -0.011095 
473 51.602500 0.000000 3.206139 100.475498 0.017297 1.114479 -0.009657 
474 52.027634 0.000000 3.605371 100.494652 0.017494 1.567115 -0.010163 
475 51.602500 0.000000 4.004604 100.649181 0.020353 1.760100 -0.013336 
476 59.680053 0.000000 2.407673 99.792242 -0.000219 2.010639 0.003747 
477 58.829784 0.000000 2.407673 99.892459 -0.001717 1.532860 0.001915 
478 59.680053 0.000000 1.609208 99.634042 -0.002473 1.330308 0.007129 
479 60.530321 0.000000 2.407673 99.604001 -0.000565 2.116926 0.007456 
480 59.254918 0.000000 3.605371 100.203631 -0.000000 2.528019 -0.004716 
481 58.829784 0.000000 3.605371 100.215288 0.000000 2.327177 -0.004852 
482 59.254918 0.000000 3.206139 99.924350 -0.000000 2.326317 0.000971 
483 59.680053 0.000000 3.605371 100.235153 0.000000 2.749547 -0.005465 
484 59.254918 0.000000 4.004604 100.675836 -0.000000 2.737195 -0.014312 
485 57.979515 0.000000 2.407673 100.096447 -0.001354 1.622161 -0.002193 
486 57.979515 0.000000 1.609208 99.966348 -0.003019 1.207944 0.000527 
487 58.404650 0.000000 3.605371 100.343394 -0.000000 2.241908 -0.007382 
488 57.979515 0.000000 3.605371 100.335831 -0.000000 2.063851 -0.007154 
489 58.404650 0.000000 3.206139 100.099136 0.000264 1.990624 -0.002380 
490 58.404650 0.000000 4.004604 100.601721 -0.000000 2.274334 -0.012588 
491 57.554381 0.000000 3.605371 100.271695 -0.000000 1.984414 -0.005835 
492 57.129246 0.000000 3.605371 100.199498 -0.000000 1.947801 -0.004373 
493 57.554381 0.000000 3.206139 100.150900 0.000150 1.806309 -0.003347 
494 56.704112 0.000000 3.605371 100.142296 0.000000 1.976118 -0.003238 
495 56.704112 0.000000 3.206139 100.076951 0.000077 1.624450 -0.001803 
496 56.704112 0.000000 4.004604 100.115369 -0.000000 1.921942 -0.002678 
497 56.704112 0.000000 4.403837 100.078287 0.000000 1.520710 -0.001798 
498 56.278978 0.000000 4.403837 99.995068 0.000000 1.515981 -0.000131 
499 56.491545 0.000000 3.804988 100.086916 -0.000000 1.966876 -0.002126 
500 56.278978 0.000000 3.804988 100.021069 0.000049 1.899089 -0.000782 
501 56.491545 0.000000 3.605371 100.101910 0.000202 1.831663 -0.002375 
502 56.704112 0.000000 3.804988 100.119323 0.000000 2.000487 -0.002788 
503 56.491545 0.000000 4.004604 100.045050 0.000000 1.863036 -0.001248 
504 56.704112 0.000000 2.806906 100.010700 -0.000730 1.278871 -0.000378 
505 56.278978 0.000000 2.806906 100.140341 -0.001222 1.695336 -0.003096 
506 56.704112 0.000000 2.407673 99.957861 -0.003218 1.048895 0.000733 
507 57.129246 0.000000 2.806906 100.031174 -0.000402 1.369677 -0.000811 
508 56.491545 0.000000 3.405755 100.076933 0.000080 1.635937 -0.001807 
509 56.278978 0.000000 3.405755 100.073312 -0.000271 1.541892 -0.001705 
510 56.491545 0.000000 3.206139 100.067444 -0.000282 1.559684 -0.001593 
511 56.704112 0.000000 3.405755 100.094433 0.000279 1.704959 -0.002180 
512 56.916679 0.000000 3.804988 100.169805 -0.000000 1.985638 -0.003793 
513 56.916679 0.000000 3.605371 100.154321 -0.000000 1.929599 -0.003461 
514 57.129246 0.000000 3.804988 100.234539 -0.000000 1.975758 -0.005087 
515 56.916679 0.000000 4.004604 100.175840 -0.000000 1.938930 -0.003896 
516 56.597829 0.000000 3.705180 100.103422 -0.000000 1.984784 -0.002463 
517 56.491545 0.000000 3.705180 100.086551 0.000087 1.924103 -0.002102 
518 56.597829 0.000000 3.605371 100.108400 0.000161 1.910795 -0.002534 
519 56.704112 0.000000 3.705180 100.135123 0.000000 1.987823 -0.003099 
520 56.597829 0.000000 3.804988 100.105978 -0.000000 1.990440 -0.002517 
521 55.853843 0.000000 4.403837 100.096310 0.000000 1.945616 -0.002306 
522 55.428709 0.000000 4.403837 100.175069 0.000000 2.064462 -0.003931 
523 55.853843 0.000000 4.803069 100.283279 -0.033077 1.335979 -0.005852 
524 56.066411 0.000000 3.804988 99.956445 0.000044 1.915061 0.000504 
525 55.853843 0.000000 3.804988 100.039555 0.000042 1.607290 -0.001050 
526 56.066411 0.000000 3.605371 100.048804 0.000048 1.626344 -0.001241 
527 56.066411 0.000000 4.004604 99.982591 0.000000 1.650522 0.000076 
528 54.578440 0.000000 2.407673 100.053175 -0.004953 1.301479 -0.001233 
529 54.578440 0.000000 1.609208 99.941349 -0.006066 0.900951 0.001092 
530 55.853843 0.000000 2.806906 100.022264 -0.005286 1.221637 -0.000595 
531 55.428709 0.000000 2.806906 100.048760 -0.005110 1.274763 -0.001138 
532 55.853843 0.000000 2.407673 99.972869 -0.005032 1.057004 0.000431 
533 56.066411 0.000000 3.405755 100.076534 -0.000735 1.501543 -0.001757 
534 55.853843 0.000000 3.405755 100.082303 -0.001273 1.466950 -0.001862 
535 56.066411 0.000000 3.206139 100.055066 -0.001344 1.421037 -0.001304 
536 56.172694 0.000000 3.705180 100.024001 0.000095 1.799809 -0.000804 
537 56.066411 0.000000 3.705180 100.005095 0.000028 1.772475 -0.000416 
538 56.172694 0.000000 3.605371 100.031864 0.000043 1.667463 -0.000915 
539 56.278978 0.000000 3.705180 100.029947 0.000084 1.833080 -0.000935 
540 56.172694 0.000000 3.804988 99.996251 0.000063 1.886244 -0.000281 
541 -288.079842 0.000000 -300.210676 99.447002 0.001238 10.455646 0.000097 
542 -396.914234 0.000000 -300.210676 99.449729 0.000812 10.454760 0.000045 
543 -288.079842 0.000000 -402.414234 99.446484 0.001659 10.454841 0.000109 
544 364.926512 0.000000 -300.210676 99.451693 0.040864 10.395801 0.000129 
545 364.926512 0.000000 -402.414234 99.448924 0.029877 10.418987 0.000136 
546 473.760905 0.000000 -300.210676 99.454521 0.041197 10.400116 0.000063 
547 -124.828253 0.000000 -146.905338 99.431880 0.000088 10.464250 0.000380 
548 -179.245449 0.000000 -146.905338 99.442642 0.000709 10.460593 0.000174 
549 -124.828253 0.000000 -198.007117 99.429803 0.001229 10.461088 0.000428 
550 201.674924 0.000000 -146.905338 99.444838 0.075657 10.217187 0.000633 
551 201.674924 0.000000 -198.007117 99.438423 0.054726 10.315713 0.000558 
552 256.092120 0.000000 -146.905338 99.461458 0.079551 10.239899 0.000256 
553 -43.202459 0.000000 -70.252669 99.370056 -0.008328 10.503111 0.001528 
554 -70.411057 0.000000 -70.252669 99.413922 -0.002648 10.486473 0.000691 
555 -43.202459 0.000000 -95.803559 99.360387 -0.006639 10.489040 0.001749 
556 120.049130 0.000000 -70.252669 99.436691 0.152413 9.572843 0.002068 
557 120.049130 0.000000 -95.803559 99.390121 0.117421 9.908847 0.002340 
558 147.257728 0.000000 -70.252669 99.483938 0.153858 9.629666 0.001019 
559 -2.389562 0.000000 -31.926334 99.113782 -0.162215 10.654582 0.006291 
560 -15.993861 0.000000 -31.926334 99.301034 -0.050992 10.592193 0.002711 
561 -2.389562 0.000000 -44.701779 99.079696 -0.099253 10.604233 0.007075 
562 4.412588 0.000000 -12.763167 98.963635 -0.957181 10.687650 0.009106 
563 -2.389562 0.000000 -12.763167 99.204086 -0.326521 10.724686 0.004342 
564 4.412588 0.000000 -19.150890 98.979311 -0.565865 10.733129 0.008758 
565 79.236232 0.000000 -31.926334 99.176430 0.216453 7.715314 0.010446 
566 79.236232 0.000000 -44.701779 99.135608 0.184369 8.610617 0.009795 
567 92.840531 0.000000 -31.926334 99.457302 0.234394 7.833440 0.004683 
568 31.621186 0.000000 -12.763167 90.722130 0.370776 8.511275 0.169692 
569 31.621186 0.000000 -19.150890 93.598787 0.175271 9.419699 0.115051 
570 4.412588 0.000000 12.787722 100.020714 0.947151 10.674333 -0.011898 
571 -2.389562 0.000000 12.787722 99.753273 0.319663 10.718544 -0.006570 
572 4.412588 0.000000 19.175445 99.995529 0.557417 10.715755 -0.011424 
573 31.621186 0.000000 12.787722 107.695876 -0.430595 8.695682 -0.167420 
574 31.621186 0.000000 19.175445 105.165766 -0.210723 9.375643 -0.114779 
575 21.417961 0.000000 3.206139 101.571889 -0.030544 6.010259 -0.035297 
576 24.819036 0.000000 3.206139 109.561635 -0.216367 3.488705 -0.201597 
577 21.417961 0.000000 6.400000 101.783645 -0.003643 5.983874 -0.039572 
578 41.824410 0.000000 3.206139 104.007477 0.123277 -0.405184 -0.081773 
579 38.423335 0.000000 3.206139 108.841600 0.060492 0.016262 -0.184650 
580 41.824410 0.000000 6.400000 106.516844 0.000000 0.665093 -0.134628 
581 72.434083 0.000000 -12.763167 98.979226 0.226626 5.036341 0.017770 
582 72.434083 0.000000 -19.150890 98.983652 0.217027 6.172661 0.016409 
583 79.236232 0.000000 -12.763167 99.401414 0.289359 5.107553 0.009319 
584 41.824410 0.000000 9.593861 106.433975 -0.865302 3.357284 -0.134021 
585 38.423335 0.000000 9.593861 108.523310 -1.203638 4.242963 -0.179676 
586 41.824410 0.000000 12.787722 105.930546 -0.671133 4.687010 -0.124370 
587 69.033008 0.000000 -3.181584 98.207128 -0.000000 1.765195 0.035224 
588 69.033008 0.000000 -6.375445 98.571332 -0.008285 3.585172 0.027084 
589 72.434083 0.000000 -3.181584 98.888339 0.011384 2.517935 0.021476 
590 69.033008 0.000000 9.593861 102.493157 -2.423095 2.472350 -0.051683 
591 72.434083 0.000000 9.593861 101.354895 -1.422877 2.314425 -0.028020 
592 69.033008 0.000000 12.787722 101.899428 -0.000000 4.676626 -0.040536 
593 63.931396 0.000000 7.996931 103.135731 -0.000000 3.579938 -0.064980 
594 65.631933 0.000000 7.996931 103.079031 -0.000000 3.628841 -0.063846 
595 63.931396 0.000000 9.593861 102.419424 0.000000 4.157690 -0.050702 
596 63.081127 0.000000 5.601535 103.632377 0.106576 1.786616 -0.074287 
597 63.931396 0.000000 5.601535 103.546599 0.107577 1.125743 -0.072318 
598 63.081127 0.000000 6.400000 102.981314 0.106915 2.467966 -0.061125 
599 61.380590 0.000000 2.407673 99.092825 0.028947 2.009860 0.017657 
600 61.380590 0.000000 1.609208 98.836490 -0.002966 1.415285 0.022935 
601 62.230859 0.000000 2.407673 98.543422 0.072560 1.440542 0.028711 
602 60.105187 0.000000 3.605371 99.999177 -0.000000 2.826114 -0.000782 
603 60.105187 0.000000 3.206139 99.922438 -0.000000 2.686851 0.000829 
604 60.530321 0.000000 3.605371 100.029031 0.027166 2.863740 -0.001401 
605 59.254918 0.000000 4.403837 100.985462 -0.000000 2.558933 -0.020461 
606 58.829784 0.000000 4.403837 100.942139 0.000000 2.235309 -0.019431 
607 61.380590 0.000000 7.198465 101.375625 0.000000 3.885414 -0.029211 
608 62.230859 0.000000 7.198465 102.285617 0.061659 3.159624 -0.047233 
609 61.380590 0.000000 7.996931 101.361216 0.000000 4.236761 -0.029205 
610 59.254918 0.000000 6.000767 99.874940 -0.000000 2.662935 0.001791 
611 58.829784 0.000000 6.000767 99.788501 -0.000000 2.109589 0.003780 
612 59.254918 0.000000 6.400000 99.932247 -0.000000 2.885736 0.000522 
613 60.955456 0.000000 5.202302 100.553561 0.073245 2.706978 -0.011835 
614 61.380590 0.000000 5.202302 101.175872 0.093484 2.771891 -0.024425 
615 60.955456 0.000000 5.601535 100.475224 0.067407 2.740226 -0.010278 
616 60.955456 0.000000 6.000767 100.832477 0.055026 2.893162 -0.017556 
617 61.380590 0.000000 6.000767 101.311183 0.094760 2.721210 -0.027137 
618 60.955456 0.000000 6.400000 100.598850 0.022488 3.328033 -0.013120 
619 58.404650 0.000000 5.202302 100.490076 -0.199802 0.644442 -0.009871 
620 58.404650 0.000000 4.803069 100.842685 -0.077278 1.248985 -0.017081 
621 58.404650 0.000000 5.601535 100.200133 -0.266509 0.990196 -0.004112 
622 58.404650 0.000000 6.000767 100.056811 -0.000000 2.333059 -0.001681 
623 58.404650 0.000000 6.400000 100.247677 0.000000 2.592441 -0.005632 
624 60.955456 0.000000 3.605371 100.103607 0.043388 2.879323 -0.002902 
625 60.955456 0.000000 3.206139 99.879981 0.027753 2.875236 0.001572 
626 61.380590 0.000000 3.605371 99.940046 0.057265 2.810784 0.000408 
627 54.578440 0.000000 5.601535 100.321789 0.000000 2.653369 -0.007150 
628 53.728172 0.000000 5.601535 100.598822 0.000000 2.601167 -0.012689 
629 54.578440 0.000000 6.400000 100.665516 0.000000 2.972590 -0.014238 
630 52.877903 0.000000 5.601535 100.735910 0.000000 2.483033 -0.015389 
631 52.027634 0.000000 5.601535 100.767763 0.000000 2.191317 -0.015894 
632 52.877903 0.000000 6.400000 100.697402 0.000000 2.518983 -0.014631 
633 55.853843 0.000000 5.202302 100.058203 -0.077643 0.828141 -0.001234 
634 55.428709 0.000000 5.202302 100.461627 -0.260235 0.656136 -0.009304 
635 55.853843 0.000000 5.601535 100.313247 -0.043688 1.252400 -0.006432 
636 55.853843 0.000000 6.000767 100.324296 0.000000 2.713219 -0.007233 
637 55.428709 0.000000 6.000767 100.394026 0.000000 2.815009 -0.008688 
638 55.853843 0.000000 6.400000 100.387450 0.000000 2.989087 -0.008657 
639 58.404650 0.000000 4.403837 100.823469 -0.000000 1.931946 -0.016910 
640 56.916679 0.000000 5.002686 100.251773 0.002811 0.876352 -0.005119 
641 56.704112 0.000000 5.002686 100.194300 0.010472 0.822530 -0.003957 
642 56.916679 0.000000 4.803069 100.207129 0.001433 1.112761 -0.004271 
643 50.327097 0.000000 7.996931 101.281511 0.000000 1.813357 -0.026123 
644 48.626560 0.000000 7.996931 101.461166 0.000000 1.341986 -0.029617 
645 50.327097 0.000000 9.593861 102.099686 -0.092289 3.576223 -0.043714 
646 54.578440 0.000000 7.198465 100.681978 0.000000 3.093350 -0.014643 
647 53.728172 0.000000 7.198465 100.648616 0.000000 2.971158 -0.013897 
648 54.578440 0.000000 7.996931 100.879413 0.000000 3.387217 -0.018813 
649 51.177366 0.000000 5.601535 100.902186 0.000000 1.977003 -0.018516 
650 50.327097 0.000000 5.601535 101.048678 0.000000 1.754947 -0.021392 
651 51.177366 0.000000 6.400000 100.957972 0.000000 2.031376 -0.019664 
652 52.452769 0.000000 3.605371 100.487465 0.012088 1.742484 -0.010077 
653 52.452769 0.000000 3.206139 100.281272 0.014536 1.108872 -0.005756 
654 52.452769 0.000000 4.004604 100.604496 0.000201 2.081777 -0.012560 
655 57.554381 0.000000 2.806906 100.104216 -0.000779 1.631407 -0.002352 
656 57.554381 0.000000 2.407673 100.037874 -0.001717 1.357295 -0.000942 
657 57.979515 0.000000 2.806906 100.185707 -0.000457 1.854094 -0.004061 
658 56.916679 0.000000 3.405755 100.123174 0.000038 1.877177 -0.002817 
659 56.916679 0.000000 3.206139 100.078588 0.000533 1.612006 -0.001832 
660 57.129246 0.000000 3.405755 100.143520 -0.000000 1.924456 -0.003243 
661 56.385261 0.000000 3.705180 100.063224 0.000123 1.899833 -0.001626 
662 56.385261 0.000000 3.605371 100.084989 0.000178 1.780838 -0.002018 
663 56.385261 0.000000 3.804988 100.054116 0.000000 1.928638 -0.001455 
664 63.081127 0.000000 2.407673 97.783549 0.078071 1.033176 0.043730 
665 63.081127 0.000000 1.609208 97.811532 0.043176 0.778286 0.043230 
666 63.931396 0.000000 2.407673 96.298881 0.045375 0.846699 0.072581 
667 52.877903 0.000000 7.198465 100.746142 0.000000 2.906589 -0.015823 
668 52.027634 0.000000 7.198465 100.871447 0.000000 2.584683 -0.018173 
669 52.877903 0.000000 7.996931 100.855143 0.000000 3.216021 -0.018210 
670 58.404650 0.000000 2.806906 100.050342 -0.000398 1.791648 -0.001328 
671 58.404650 0.000000 2.407673 99.988888 -0.001990 1.569373 -0.000024 
672 58.829784 0.000000 2.806906 99.939650 -0.000527 1.720765 0.000911 
673 63.081127 0.000000 7.198465 102.815185 0.092788 2.811176 -0.057887 
674 63.931396 0.000000 7.198465 102.651167 0.129358 2.259734 -0.054239 
675 63.081127 0.000000 7.996931 102.667734 -0.000000 3.921795 -0.055604 
676 51.177366 0.000000 7.198465 101.125342 0.000000 2.080526 -0.023066 
677 50.327097 0.000000 7.198465 101.237920 0.000000 1.709801 -0.025204 
678 51.177366 0.000000 7.996931 101.124976 0.000000 2.220752 -0.023119 
679 59.254918 0.000000 2.806906 99.867355 -0.000097 1.820257 0.002320 
680 59.254918 0.000000 2.407673 99.829457 -0.001144 1.599349 0.003152 
681 59.680053 0.000000 2.806906 99.901417 0.000135 2.416226 0.001387 
1 19 21 9 22 
2 20 19 22 4 
3 28 29 3 30 
4 21 28 30 9 
5 35 37 21 38 
6 36 35 38 19 
7 44 45 28 46 
8 37 44 46 21 
9 51 53 37 54 
10 52 51 54 35 
11 11 62 60 61 
12 62 10 24 60 
13 60 24 14 63 
14 61 60 63 6 
15 24 66 64 65 
16 66 23 40 64 
17 64 40 27 67 
18 65 64 67 14 
19 40 70 68 69 
20 70 39 56 68 
21 68 56 43 71 
22 69 68 71 27 
23 72 73 44 74 
24 53 72 74 37 
25 75 77 53 78 
26 76 75 78 51 
27 56 81 79 80 
28 80 79 83 43 
29 6 63 92 93 
30 63 14 36 92 
31 92 36 19 94 
32 93 92 94 20 
33 14 67 95 96 
34 67 27 52 95 
35 95 52 35 97 
36 96 95 97 36 
37 27 71 98 99 
38 71 43 76 98 
39 98 76 51 100 
40 99 98 100 52 
41 43 83 101 102 
42 101 103 75 104 
43 102 101 104 76 
44 79 107 105 106 
45 107 82 108 105 
46 105 108 59 109 
47 106 105 109 83 
48 110 111 72 112 
49 77 110 112 53 
50 113 114 77 115 
51 103 113 115 75 
52 12 122 120 121 
53 122 7 123 120 
54 120 123 13 25 
55 121 120 25 10 
56 25 126 124 125 
57 126 13 127 124 
58 124 127 26 41 
59 125 124 41 23 
60 41 130 128 129 
61 130 26 131 128 
62 128 131 42 57 
63 129 128 57 39 
64 57 134 132 133 
65 134 42 135 132 
66 132 135 58 89 
67 133 132 89 55 
68 55 138 136 137 
69 138 89 139 136 
70 136 139 88 117 
71 137 136 117 82 
72 82 142 140 141 
73 142 117 143 140 
74 140 143 116 144 
75 141 140 144 108 
76 59 119 145 146 
77 119 91 147 145 
78 145 147 113 148 
79 146 145 148 103 
80 108 144 149 150 
81 144 116 151 149 
82 149 151 119 152 
83 150 149 152 59 
84 88 158 157 118 
85 158 90 159 157 
86 157 159 5 160 
87 118 157 160 91 
88 161 162 110 163 
89 114 161 163 77 
90 7 169 168 123 
91 169 16 170 168 
92 168 170 15 32 
93 123 168 32 13 
94 13 172 171 127 
95 172 32 173 171 
96 171 173 31 48 
97 127 171 48 26 
98 26 175 174 131 
99 175 48 176 174 
100 174 176 47 85 
101 131 174 85 42 
102 42 178 177 135 
103 178 85 179 177 
104 177 179 84 154 
105 135 177 154 58 
106 58 182 180 181 
107 182 154 183 180 
108 180 183 153 165 
109 181 180 165 90 
110 15 185 184 33 
111 185 17 186 184 
112 184 186 8 187 
113 33 184 187 18 
114 31 189 188 49 
115 189 33 190 188 
116 188 190 18 191 
117 49 188 191 34 
118 47 193 192 86 
119 193 49 194 192 
120 192 194 34 195 
121 86 192 195 50 
122 197 86 198 196 
123 196 198 50 199 
124 165 206 204 205 
125 206 153 207 204 
126 204 207 166 208 
127 205 204 208 164 
128 209 211 161 212 
129 210 209 212 114 
130 164 208 213 214 
131 214 213 216 167 
132 90 219 217 218 
133 219 165 205 217 
134 217 205 164 220 
135 218 217 220 159 
136 117 222 221 143 
137 222 88 223 221 
138 221 223 118 224 
139 143 221 224 116 
140 18 187 225 45 
141 187 8 226 225 
142 225 226 29 227 
143 45 225 227 28 
144 34 191 228 73 
145 191 18 229 228 
146 228 229 45 230 
147 73 228 230 44 
148 50 195 231 111 
149 195 34 232 231 
150 231 232 73 233 
151 111 231 233 72 
152 199 50 235 234 
153 234 235 111 236 
154 162 234 236 110 
155 238 196 239 237 
156 237 239 199 240 
157 241 242 162 243 
158 211 241 243 161 
159 240 199 250 249 
160 249 250 234 251 
161 242 249 251 162 
162 202 253 252 247 
163 253 237 254 252 
164 252 254 240 255 
165 247 252 255 87 
166 256 258 242 259 
167 257 256 259 241 
168 262 247 263 260 
169 260 263 87 264 
170 154 273 272 183 
171 273 84 274 272 
172 272 274 155 201 
173 183 272 201 153 
174 201 277 275 276 
175 277 155 278 275 
176 275 278 202 246 
177 276 275 246 200 
178 246 281 279 280 
179 281 202 282 279 
180 279 282 247 262 
181 244 285 283 284 
182 285 262 286 283 
183 283 286 260 287 
184 284 283 287 261 
185 288 257 241 290 
186 289 288 290 211 
187 200 297 295 296 
188 297 246 280 295 
189 303 305 256 306 
190 304 303 306 257 
191 312 261 313 311 
192 311 313 248 314 
193 302 317 315 316 
194 317 268 318 315 
195 315 318 309 319 
196 320 304 257 322 
197 321 320 322 288 
198 269 329 327 328 
199 329 302 316 327 
200 327 316 307 330 
201 328 327 330 308 
202 203 310 331 332 
203 310 271 333 331 
204 331 333 303 334 
205 332 331 334 304 
206 307 319 335 336 
207 319 309 337 335 
208 335 337 271 338 
209 336 335 338 310 
210 316 341 339 340 
211 341 315 342 339 
212 339 342 319 343 
213 340 339 343 307 
214 345 244 284 344 
215 344 284 261 312 
216 298 348 346 347 
217 348 301 349 346 
218 347 346 317 302 
219 301 351 350 349 
220 351 344 352 350 
221 350 352 312 353 
222 349 350 353 268 
223 346 356 354 355 
224 356 349 357 354 
225 354 357 268 358 
226 355 354 358 317 
227 153 368 367 207 
228 368 201 276 367 
229 367 276 200 266 
230 207 367 266 166 
231 266 371 369 370 
232 371 200 296 369 
233 377 325 378 375 
234 375 378 323 379 
235 365 385 383 384 
236 384 383 386 363 
237 294 326 387 388 
238 326 203 332 387 
239 387 332 304 389 
240 388 387 389 320 
241 324 379 390 391 
242 379 323 392 390 
243 390 392 326 393 
244 391 390 393 294 
245 396 375 397 394 
246 394 397 379 398 
247 395 394 398 324 
248 167 216 399 400 
249 399 289 211 401 
250 400 399 401 209 
251 402 321 288 404 
252 403 402 404 289 
253 267 366 405 406 
254 366 294 388 405 
255 405 388 320 407 
256 406 405 407 321 
257 363 386 408 409 
258 386 324 391 408 
259 408 391 294 410 
260 409 408 410 366 
261 383 413 411 412 
262 413 376 395 411 
263 411 395 324 414 
264 412 411 414 386 
265 373 417 415 416 
266 417 372 418 415 
267 415 418 325 377 
268 416 415 377 291 
269 291 421 419 420 
270 421 377 422 419 
271 419 422 375 396 
272 420 419 396 376 
273 376 425 423 424 
274 425 396 426 423 
275 423 426 394 427 
276 424 423 427 395 
277 166 430 428 429 
278 430 266 370 428 
279 361 433 431 432 
280 433 265 381 431 
281 431 381 292 434 
282 432 431 434 359 
283 370 437 435 436 
284 437 369 438 435 
285 265 441 439 440 
286 440 439 443 381 
287 213 446 444 445 
288 445 444 447 216 
289 448 432 359 451 
290 449 448 451 360 
291 208 454 452 453 
292 454 166 429 452 
293 453 452 446 213 
294 429 457 455 456 
295 457 428 458 455 
296 455 458 361 450 
297 456 455 450 215 
298 450 461 459 460 
299 461 361 462 459 
300 459 462 432 463 
301 460 459 463 448 
302 446 466 464 465 
303 464 449 360 467 
304 465 464 467 444 
305 452 470 468 469 
306 470 429 456 468 
307 468 456 215 466 
308 469 468 466 446 
309 466 473 471 472 
310 473 215 474 471 
311 471 474 449 475 
312 472 471 475 464 
313 296 478 476 477 
314 478 295 479 476 
315 476 479 270 300 
316 245 482 480 481 
317 482 300 483 480 
318 480 483 298 484 
319 481 480 484 299 
320 369 486 485 438 
321 486 296 477 485 
322 374 489 487 488 
323 489 245 481 487 
324 487 481 299 490 
325 488 487 490 372 
326 293 493 491 492 
327 493 374 488 491 
328 491 488 372 417 
329 492 491 417 373 
330 380 496 497 498 
331 496 373 416 497 
332 497 416 291 385 
333 498 497 385 365 
334 499 502 496 503 
335 500 499 503 380 
336 435 506 504 505 
337 506 438 507 504 
338 504 507 293 495 
339 505 504 495 382 
340 382 510 508 509 
341 510 495 511 508 
342 508 511 494 501 
343 509 508 501 442 
344 494 513 512 502 
345 513 492 514 512 
346 512 514 373 515 
347 502 512 515 496 
348 501 518 516 517 
349 518 494 519 516 
350 516 519 502 520 
351 517 516 520 499 
352 381 443 521 522 
353 443 380 498 521 
354 521 498 365 523 
355 522 521 523 292 
356 439 526 524 525 
357 524 500 380 527 
358 525 524 527 443 
359 428 529 528 458 
360 529 370 436 528 
361 528 436 265 433 
362 458 528 433 361 
363 436 532 530 531 
364 532 435 505 530 
365 530 505 382 441 
366 531 530 441 265 
367 441 535 533 534 
368 535 382 509 533 
369 533 509 442 526 
370 534 533 526 439 
371 526 538 536 537 
372 538 442 539 536 
373 536 539 500 540 
374 537 536 540 524 
375 1 543 541 542 
376 543 12 121 541 
377 541 121 10 62 
378 542 541 62 11 
379 16 545 544 170 
380 545 2 546 544 
381 544 546 17 185 
382 170 544 185 15 
383 10 549 547 548 
384 549 25 125 547 
385 547 125 23 66 
386 548 547 66 24 
387 32 551 550 173 
388 551 15 552 550 
389 550 552 33 189 
390 173 550 189 31 
391 23 555 553 554 
392 555 41 129 553 
393 553 129 39 70 
394 554 553 70 40 
395 48 557 556 176 
396 557 31 558 556 
397 556 558 49 193 
398 176 556 193 47 
399 39 561 559 560 
400 561 57 133 559 
401 559 133 55 81 
402 560 559 81 56 
403 81 564 562 563 
404 564 55 137 562 
405 562 137 82 107 
406 563 562 107 79 
407 85 566 565 179 
408 566 47 567 565 
409 565 567 86 197 
410 179 565 197 84 
411 89 569 568 139 
412 569 58 181 568 
413 568 181 90 158 
414 139 568 158 88 
415 83 109 570 571 
416 109 59 146 570 
417 570 146 103 572 
418 571 570 572 101 
419 91 160 573 147 
420 160 5 210 573 
421 573 210 114 574 
422 147 573 574 113 
423 116 224 575 151 
424 224 118 576 575 
425 575 576 91 577 
426 151 575 577 119 
427 159 220 578 579 
428 220 164 214 578 
429 578 214 167 580 
430 579 578 580 5 
431 84 582 581 274 
432 582 197 583 581 
433 581 583 196 238 
434 274 581 238 155 
435 5 580 584 585 
436 580 167 400 584 
437 584 400 209 586 
438 585 584 586 210 
439 155 588 587 278 
440 588 238 589 587 
441 587 589 237 253 
442 278 587 253 202 
443 87 255 590 258 
444 255 240 591 590 
445 590 591 249 592 
446 258 590 592 242 
447 264 87 594 593 
448 593 594 258 595 
449 305 593 595 256 
450 261 287 596 313 
451 287 260 597 596 
452 596 597 264 598 
453 313 596 598 248 
454 295 600 599 479 
455 600 280 601 599 
456 599 601 244 345 
457 479 599 345 270 
458 300 603 602 483 
459 603 270 604 602 
460 602 604 301 348 
461 483 602 348 298 
462 299 484 605 606 
463 484 298 347 605 
464 605 347 302 329 
465 606 605 329 269 
466 271 314 607 333 
467 314 248 608 607 
468 607 608 305 609 
469 333 607 609 303 
470 308 330 610 611 
471 330 307 336 610 
472 610 336 310 612 
473 611 610 612 203 
474 268 353 613 318 
475 353 312 614 613 
476 613 614 311 615 
477 318 613 615 309 
478 309 615 616 337 
479 615 311 617 616 
480 616 617 314 618 
481 337 616 618 271 
482 325 620 619 378 
483 620 269 328 619 
484 619 328 308 621 
485 378 619 621 323 
486 323 621 622 392 
487 621 308 611 622 
488 622 611 203 623 
489 392 622 623 326 
490 270 625 624 604 
491 625 345 626 624 
492 624 626 344 351 
493 604 624 351 301 
494 359 434 627 628 
495 434 292 364 627 
496 627 364 267 629 
497 628 627 629 362 
498 360 451 630 631 
499 451 359 628 630 
500 630 628 362 632 
501 631 630 632 156 
502 292 523 633 634 
503 523 365 384 633 
504 633 384 363 635 
505 634 633 635 364 
506 364 635 636 637 
507 635 363 409 636 
508 636 409 366 638 
509 637 636 638 267 
510 372 490 639 418 
511 490 299 606 639 
512 639 606 269 620 
513 418 639 620 325 
514 385 642 640 641 
515 642 291 420 640 
516 640 420 376 413 
517 641 640 413 383 
518 216 447 643 644 
519 643 403 289 645 
520 644 643 645 399 
521 362 629 646 647 
522 629 267 406 646 
523 646 406 321 648 
524 647 646 648 402 
525 444 467 649 650 
526 467 360 631 649 
527 649 631 156 651 
528 650 649 651 447 
529 215 653 652 474 
530 653 450 460 652 
531 652 460 448 654 
532 474 652 654 449 
533 438 656 655 507 
534 656 485 657 655 
535 655 657 374 493 
536 507 655 493 293 
537 495 659 658 511 
538 659 293 660 658 
539 658 660 492 513 
540 511 658 513 494 
541 442 662 661 539 
542 662 501 517 661 
543 661 517 499 663 
544 539 661 663 500 
545 280 665 664 601 
546 665 279 666 664 
547 664 666 262 285 
548 601 664 285 244 
549 156 632 667 668 
550 632 362 647 667 
551 667 647 402 669 
552 668 667 669 403 
553 485 671 670 657 
554 671 477 672 670 
555 670 672 245 489 
556 657 670 489 374 
557 248 598 673 608 
558 598 264 674 673 
559 673 674 593 675 
560 608 673 675 305 
561 447 651 676 677 
562 651 156 668 676 
563 676 668 403 678 
564 677 676 678 643 
565 477 680 679 672 
566 680 476 681 679 
567 679 681 300 482 
568 672 679 482 245 
