2 0.000000 100.000000 5791.461216
138 103 
1 -820.906511 0.000000 -820.906511 99.755822 0.000000 6.975775 0.000011 
2 870.360270 0.000000 -820.906511 99.755980 0.000000 6.972370 0.000013 
3 870.360270 0.000000 820.906511 99.757271 -0.000000 6.971319 -0.000011 
4 -820.906511 0.000000 820.906511 99.757058 -0.000000 6.975747 -0.000013 
5 24.726880 0.000000 0.000000 99.772536 0.000000 0.000000 0.004544 
6 -820.906511 0.000000 0.000000 99.756462 -0.000000 6.976507 -0.000002 
7 24.726880 0.000000 -820.906511 99.754709 0.000000 6.973935 0.000036 
8 870.360270 0.000000 0.000000 99.778708 0.000000 6.655107 -0.000008 
9 24.726880 0.000000 820.906511 99.758349 -0.000000 6.973695 -0.000036 
10 -398.089816 0.000000 -410.453256 99.754059 0.000000 6.976166 0.000046 
11 -820.906511 0.000000 -410.453256 99.755843 -0.000000 6.976174 0.000010 
12 -398.089816 0.000000 -820.906511 99.755188 0.000000 6.975348 0.000025 
13 24.726880 0.000000 -410.453256 99.749681 0.000000 6.968870 0.000144 
14 -398.089816 0.000000 0.000000 99.756619 -0.000000 6.979119 -0.000009 
15 447.543575 0.000000 -410.453256 99.754710 0.000000 6.962754 0.000052 
16 447.543575 0.000000 -820.906511 99.755301 0.000000 6.972616 0.000026 
17 870.360270 0.000000 -410.453256 99.756521 0.000000 6.964170 0.000014 
18 447.543575 0.000000 0.000000 99.794080 0.000000 6.430147 -0.000021 
19 -398.089816 0.000000 410.453256 99.759020 -0.000000 6.976061 -0.000053 
20 -820.906511 0.000000 410.453256 99.757065 -0.000000 6.976152 -0.000014 
21 24.726880 0.000000 410.453256 99.764072 -0.000000 6.967987 -0.000142 
22 -398.089816 0.000000 820.906511 99.757755 -0.000000 6.975269 -0.000026 
23 -186.681468 0.000000 -205.226628 99.747005 0.000000 6.977692 0.000185 
24 -398.089816 0.000000 -205.226628 99.754133 0.000000 6.977769 0.000042 
25 -186.681468 0.000000 -410.453256 99.751539 0.000000 6.974453 0.000099 
26 24.726880 0.000000 -205.226628 99.730579 0.000000 6.949723 0.000551 
27 -186.681468 0.000000 0.000000 99.757163 -0.000000 6.989558 -0.000035 
28 447.543575 0.000000 410.453256 99.759807 -0.000000 6.958824 -0.000044 
29 870.360270 0.000000 410.453256 99.758280 -0.000000 6.956119 -0.000010 
30 447.543575 0.000000 820.906511 99.757876 -0.000000 6.972034 -0.000024 
31 236.135227 0.000000 -205.226628 99.749706 0.000000 6.927048 0.000201 
32 236.135227 0.000000 -410.453256 99.752035 0.000000 6.963716 0.000104 
33 447.543575 0.000000 -205.226628 99.756727 0.000000 6.932272 0.000054 
34 236.135227 0.000000 0.000000 99.805923 0.000000 6.238931 -0.000015 
35 -186.681468 0.000000 205.226628 99.766788 -0.000000 6.977325 -0.000210 
36 -398.089816 0.000000 205.226628 99.759048 -0.000000 6.977688 -0.000056 
37 24.726880 0.000000 205.226628 99.785539 -0.000000 6.946865 -0.000541 
38 -186.681468 0.000000 410.453256 99.761780 -0.000000 6.974159 -0.000105 
39 -80.977294 0.000000 -102.613314 99.718911 0.000000 6.983115 0.000737 
40 -186.681468 0.000000 -102.613314 99.747160 0.000000 6.984146 0.000173 
41 -80.977294 0.000000 -205.226628 99.737215 0.000000 6.970715 0.000390 
42 24.726880 0.000000 -102.613314 99.666700 0.000000 6.885588 0.001914 
43 -80.977294 0.000000 0.000000 99.758666 -0.000000 7.032518 -0.000125 
44 236.135227 0.000000 205.226628 99.769266 -0.000000 6.914247 -0.000171 
45 447.543575 0.000000 205.226628 99.763281 -0.000000 6.905770 -0.000040 
46 236.135227 0.000000 410.453256 99.762186 -0.000000 6.961559 -0.000096 
47 130.431053 0.000000 -102.613314 99.731327 0.000000 6.819271 0.000716 
48 130.431053 0.000000 -205.226628 99.739608 0.000000 6.930767 0.000398 
49 236.135227 0.000000 -102.613314 99.755973 0.000000 6.832958 0.000206 
50 130.431053 0.000000 0.000000 99.809644 0.000000 6.105558 0.000076 
51 -80.977294 0.000000 102.613314 99.797123 -0.000000 6.982009 -0.000821 
52 -186.681468 0.000000 102.613314 99.766981 -0.000000 6.983739 -0.000222 
53 24.726880 0.000000 102.613314 99.855610 -0.000000 6.878638 -0.001846 
54 -80.977294 0.000000 205.226628 99.777425 -0.000000 6.969720 -0.000411 
55 -28.125207 0.000000 -51.306657 99.611051 0.000000 6.996100 0.002869 
56 -80.977294 0.000000 -51.306657 99.718110 0.000000 7.009161 0.000717 
57 -28.125207 0.000000 -102.613314 99.683892 0.000000 6.956188 0.001473 
58 24.726880 0.000000 -51.306657 99.506578 0.000000 6.707467 0.005345 
59 -28.125207 0.000000 0.000000 99.761834 -0.000000 7.233717 -0.000475 
60 130.431053 0.000000 102.613314 99.799249 -0.000000 6.790249 -0.000600 
61 236.135227 0.000000 102.613314 99.778114 -0.000000 6.772111 -0.000153 
62 130.431053 0.000000 205.226628 99.778214 -0.000000 6.923882 -0.000363 
63 77.578967 0.000000 -51.306657 99.676996 0.000000 6.592976 0.002103 
64 77.578967 0.000000 -102.613314 99.698357 0.000000 6.830337 0.001358 
65 130.431053 0.000000 -51.306657 99.745558 0.000000 6.624485 0.000694 
66 77.578967 0.000000 0.000000 99.802946 0.000000 5.978581 0.000363 
67 -28.125207 0.000000 51.306657 99.910321 -0.000000 6.993576 -0.003098 
68 -80.977294 0.000000 51.306657 99.798794 -0.000000 7.008391 -0.000892 
69 24.726880 0.000000 51.306657 100.026102 -0.000000 6.696084 -0.005006 
70 -28.125207 0.000000 102.613314 99.834475 -0.000000 6.953497 -0.001527 
71 -1.699164 0.000000 -25.653328 99.196078 0.000000 6.905338 0.011245 
72 -28.125207 0.000000 -25.653328 99.585096 0.000000 7.098785 0.003242 
73 -1.699164 0.000000 -51.306657 99.512936 0.000000 6.889996 0.004970 
74 24.726880 0.000000 -25.653328 99.286682 0.000000 6.285007 0.010265 
75 -1.699164 0.000000 0.000000 99.770726 0.000000 -0.000000 0.004580 
76 77.578967 0.000000 51.306657 99.870356 -0.000000 6.554189 -0.001705 
77 130.431053 0.000000 51.306657 99.810615 -0.000000 6.544925 -0.000499 
78 77.578967 0.000000 102.613314 99.828623 -0.000000 6.814461 -0.001219 
79 51.152923 0.000000 -25.653328 99.593138 0.000000 6.258381 0.004204 
80 51.152923 0.000000 -51.306657 99.598246 0.000000 6.607603 0.003653 
81 77.578967 0.000000 -25.653328 99.708267 0.000000 6.332818 0.001816 
82 51.152923 0.000000 0.000000 99.795486 0.000000 5.802484 0.000719 
83 -1.699164 0.000000 25.653328 100.334254 -0.000000 6.901050 -0.011459 
84 -28.125207 0.000000 25.653328 99.937845 -0.000000 7.097159 -0.003794 
85 24.726880 0.000000 25.653328 100.257635 -0.000000 6.270618 -0.009091 
86 -1.699164 0.000000 51.306657 100.012994 -0.000000 6.884745 -0.005000 
87 11.513858 0.000000 -12.826664 99.771063 0.000000 -0.000000 0.004573 
88 -1.699164 0.000000 -12.826664 99.769494 -0.000000 -0.000000 0.004605 
89 11.513858 0.000000 -25.653328 99.119121 0.000000 6.532100 0.013273 
90 24.726880 0.000000 -12.826664 99.251308 0.000000 5.683732 0.011687 
91 11.513858 0.000000 0.000000 99.771170 0.000000 -0.000000 0.004571 
92 -609.498163 0.000000 -205.226628 99.755638 -0.000000 6.976877 0.000014 
93 -820.906511 0.000000 -205.226628 99.756074 -0.000000 6.976407 0.000006 
94 -609.498163 0.000000 -410.453256 99.755304 0.000000 6.976302 0.000021 
95 -609.498163 0.000000 0.000000 99.756504 -0.000000 6.977182 -0.000004 
96 -292.385642 0.000000 -102.613314 99.753286 0.000000 6.980597 0.000055 
97 -398.089816 0.000000 -102.613314 99.755058 -0.000000 6.978711 0.000023 
98 -292.385642 0.000000 -205.226628 99.751966 0.000000 6.978271 0.000085 
99 -292.385642 0.000000 0.000000 99.756770 -0.000000 6.981840 -0.000016 
100 -133.829381 0.000000 -51.306657 99.743454 0.000000 6.995485 0.000231 
101 -186.681468 0.000000 -51.306657 99.750836 0.000000 6.988007 0.000094 
102 -133.829381 0.000000 -102.613314 99.737266 0.000000 6.987522 0.000365 
103 -133.829381 0.000000 0.000000 99.757619 -0.000000 7.000845 -0.000059 
104 -54.551251 0.000000 -25.653328 99.701840 0.000000 7.051415 0.000982 
105 -80.977294 0.000000 -25.653328 99.732709 0.000000 7.024926 0.000404 
106 -54.551251 0.000000 -51.306657 99.683564 0.000000 7.013842 0.001399 
107 -54.551251 0.000000 0.000000 99.759757 -0.000000 7.079971 -0.000214 
108 -14.912186 0.000000 -12.826664 99.419759 0.000000 7.297729 0.006245 
109 -28.125207 0.000000 -12.826664 99.633646 0.000000 7.185314 0.002151 
110 -14.912186 0.000000 -25.653328 99.429092 0.000000 7.083616 0.006368 
111 -14.912186 0.000000 0.000000 99.763687 -0.000000 7.527899 -0.000946 
112 51.152923 0.000000 25.653328 99.967000 -0.000000 6.220479 -0.003210 
113 77.578967 0.000000 25.653328 99.863759 -0.000000 6.262592 -0.001199 
114 51.152923 0.000000 51.306657 99.942218 -0.000000 6.584925 -0.003181 
115 11.513858 0.000000 12.826664 99.771063 0.000000 -0.000000 0.004573 
116 -1.699164 0.000000 12.826664 99.769494 -0.000000 -0.000000 0.004605 
117 24.726880 0.000000 12.826664 100.303217 -0.000000 5.668438 -0.009287 
118 11.513858 0.000000 25.653328 100.417397 -0.000000 6.524307 -0.012622 
119 4.907347 0.000000 -6.413332 99.770873 0.000000 -0.000000 0.004577 
120 -1.699164 0.000000 -6.413332 99.770781 0.000000 -0.000000 0.004579 
121 4.907347 0.000000 -12.826664 99.770938 0.000000 -0.000000 0.004576 
122 11.513858 0.000000 -6.413332 99.771117 0.000000 -0.000000 0.004572 
123 4.907347 0.000000 0.000000 99.771071 0.000000 -0.000000 0.004573 
124 -609.498163 0.000000 205.226628 99.757358 -0.000000 6.976849 -0.000021 
125 -820.906511 0.000000 205.226628 99.756846 -0.000000 6.976394 -0.000010 
126 -609.498163 0.000000 410.453256 99.757661 -0.000000 6.976257 -0.000026 
127 -292.385642 0.000000 102.613314 99.760208 -0.000000 6.980496 -0.000083 
128 -398.089816 0.000000 102.613314 99.758165 -0.000000 6.978664 -0.000039 
129 -292.385642 0.000000 205.226628 99.761423 -0.000000 6.978110 -0.000104 
130 -133.829381 0.000000 51.306657 99.771663 -0.000000 6.995169 -0.000332 
131 -186.681468 0.000000 51.306657 99.763425 -0.000000 6.987851 -0.000157 
132 -133.829381 0.000000 102.613314 99.777542 -0.000000 6.987002 -0.000438 
133 -54.551251 0.000000 25.653328 99.817412 -0.000000 7.050638 -0.001323 
134 -80.977294 0.000000 25.653328 99.784506 -0.000000 7.024500 -0.000629 
135 -54.551251 0.000000 51.306657 99.835036 -0.000000 7.012508 -0.001621 
136 -14.912186 0.000000 12.826664 100.107214 -0.000000 7.296289 -0.007469 
137 -28.125207 0.000000 12.826664 99.889826 -0.000000 7.184434 -0.002959 
138 -14.912186 0.000000 25.653328 100.096872 -0.000000 7.081072 -0.006953 
1 1 12 10 11 
2 12 7 13 10 
3 7 16 15 13 
4 16 2 17 15 
5 15 17 8 18 
6 19 21 9 22 
7 20 19 22 4 
8 10 25 23 24 
9 25 13 26 23 
10 18 8 29 28 
11 28 29 3 30 
12 21 28 30 9 
13 13 32 31 26 
14 32 15 33 31 
15 31 33 18 34 
16 35 37 21 38 
17 36 35 38 19 
18 23 41 39 40 
19 41 26 42 39 
20 34 18 45 44 
21 44 45 28 46 
22 37 44 46 21 
23 26 48 47 42 
24 48 31 49 47 
25 47 49 34 50 
26 51 53 37 54 
27 52 51 54 35 
28 39 57 55 56 
29 57 42 58 55 
30 50 34 61 60 
31 60 61 44 62 
32 53 60 62 37 
33 42 64 63 58 
34 64 47 65 63 
35 63 65 50 66 
36 67 69 53 70 
37 68 67 70 51 
38 55 73 71 72 
39 73 58 74 71 
40 66 50 77 76 
41 76 77 60 78 
42 69 76 78 53 
43 58 80 79 74 
44 80 63 81 79 
45 79 81 66 82 
46 74 79 82 5 
47 83 85 69 86 
48 84 83 86 67 
49 71 89 87 88 
50 89 74 90 87 
51 87 90 5 91 
52 11 94 92 93 
53 94 10 24 92 
54 92 24 14 95 
55 93 92 95 6 
56 24 98 96 97 
57 98 23 40 96 
58 96 40 27 99 
59 97 96 99 14 
60 40 102 100 101 
61 102 39 56 100 
62 100 56 43 103 
63 101 100 103 27 
64 56 106 104 105 
65 106 55 72 104 
66 104 72 59 107 
67 105 104 107 43 
68 72 110 108 109 
69 110 71 88 108 
70 108 88 75 111 
71 109 108 111 59 
72 5 82 112 85 
73 82 66 113 112 
74 112 113 76 114 
75 85 112 114 69 
76 75 91 115 116 
77 91 5 117 115 
78 115 117 85 118 
79 116 115 118 83 
80 88 121 119 120 
81 121 87 122 119 
82 119 122 91 123 
83 120 119 123 75 
84 6 95 124 125 
85 95 14 36 124 
86 124 36 19 126 
87 125 124 126 20 
88 14 99 127 128 
89 99 27 52 127 
90 127 52 35 129 
91 128 127 129 36 
92 27 103 130 131 
93 103 43 68 130 
94 130 68 51 132 
95 131 130 132 52 
96 43 107 133 134 
97 107 59 84 133 
98 133 84 67 135 
99 134 133 135 68 
100 59 111 136 137 
101 111 75 116 136 
102 136 116 83 138 
103 137 136 138 84 
