2 0.000000 100.000000 5791.461216
138 103 
1 -820.906511 0.000000 -820.906511 99.938783 0.000000 3.490010 0.000006 
2 870.360270 0.000000 -820.906511 99.938828 0.000000 3.488200 0.000006 
3 870.360270 0.000000 820.906511 99.939446 -0.000000 3.487940 -0.000006 
4 -820.906511 0.000000 820.906511 99.939400 -0.000000 3.490003 -0.000006 
5 24.726880 0.000000 0.000000 99.943117 0.000000 0.000000 0.001137 
6 -820.906511 0.000000 0.000000 99.939097 -0.000000 3.490379 -0.000001 
7 24.726880 0.000000 -820.906511 99.938206 0.000000 3.489064 0.000018 
8 870.360270 0.000000 0.000000 99.948470 0.000000 3.220415 -0.000007 
9 24.726880 0.000000 820.906511 99.940021 -0.000000 3.489004 -0.000018 
10 -398.089816 0.000000 -410.453256 99.937877 0.000000 3.490196 0.000024 
11 -820.906511 0.000000 -410.453256 99.938789 0.000000 3.490210 0.000006 
12 -398.089816 0.000000 -820.906511 99.938458 0.000000 3.489790 0.000013 
13 24.726880 0.000000 -410.453256 99.935611 0.000000 3.486453 0.000072 
14 -398.089816 0.000000 0.000000 99.939136 -0.000000 3.491685 -0.000002 
15 447.543575 0.000000 -410.453256 99.938070 0.000000 3.483086 0.000025 
16 447.543575 0.000000 -820.906511 99.938492 0.000000 3.488368 0.000013 
17 870.360270 0.000000 -410.453256 99.938987 0.000000 3.483488 0.000006 
18 447.543575 0.000000 0.000000 99.951588 0.000000 3.128592 -0.000011 
19 -398.089816 0.000000 410.453256 99.940356 -0.000000 3.490169 -0.000026 
20 -820.906511 0.000000 410.453256 99.939401 -0.000000 3.490204 -0.000007 
21 24.726880 0.000000 410.453256 99.942789 -0.000000 3.486232 -0.000071 
22 -398.089816 0.000000 820.906511 99.939741 -0.000000 3.489770 -0.000013 
23 -186.681468 0.000000 -205.226628 99.934261 0.000000 3.490925 0.000096 
24 -398.089816 0.000000 -205.226628 99.937901 0.000000 3.491000 0.000023 
25 -186.681468 0.000000 -410.453256 99.936588 0.000000 3.489315 0.000050 
26 24.726880 0.000000 -205.226628 99.925783 0.000000 3.476634 0.000275 
27 -186.681468 0.000000 0.000000 99.939272 -0.000000 3.496905 -0.000009 
28 447.543575 0.000000 410.453256 99.940516 -0.000000 3.482111 -0.000023 
29 870.360270 0.000000 410.453256 99.939654 -0.000000 3.481534 -0.000006 
30 447.543575 0.000000 820.906511 99.939765 -0.000000 3.488223 -0.000012 
31 236.135227 0.000000 -205.226628 99.935119 0.000000 3.464256 0.000097 
32 236.135227 0.000000 -410.453256 99.936747 0.000000 3.483737 0.000051 
33 447.543575 0.000000 -205.226628 99.938661 0.000000 3.465779 0.000025 
34 236.135227 0.000000 0.000000 99.953180 0.000000 3.072011 -0.000008 
35 -186.681468 0.000000 205.226628 99.944150 -0.000000 3.490833 -0.000102 
36 -398.089816 0.000000 205.226628 99.940358 -0.000000 3.490980 -0.000026 
37 24.726880 0.000000 205.226628 99.953208 -0.000000 3.475919 -0.000273 
38 -186.681468 0.000000 410.453256 99.941704 -0.000000 3.489242 -0.000052 
39 -80.977294 0.000000 -102.613314 99.919934 0.000000 3.493541 0.000380 
40 -186.681468 0.000000 -102.613314 99.934295 0.000000 3.494164 0.000093 
41 -80.977294 0.000000 -205.226628 99.929265 0.000000 3.487357 0.000198 
42 24.726880 0.000000 -102.613314 99.893098 0.000000 3.444034 0.000951 
43 -80.977294 0.000000 0.000000 99.939648 -0.000000 3.518389 -0.000031 
44 236.135227 0.000000 205.226628 99.944569 -0.000000 3.461075 -0.000090 
45 447.543575 0.000000 205.226628 99.941239 -0.000000 3.459298 -0.000022 
46 236.135227 0.000000 410.453256 99.941769 -0.000000 3.483199 -0.000049 
47 130.431053 0.000000 -102.613314 99.924676 0.000000 3.408428 0.000344 
48 130.431053 0.000000 -205.226628 99.930137 0.000000 3.466729 0.000195 
49 236.135227 0.000000 -102.613314 99.936951 0.000000 3.412358 0.000096 
50 130.431053 0.000000 0.000000 99.952988 0.000000 3.037332 0.000017 
51 -80.977294 0.000000 102.613314 99.959038 -0.000000 3.493264 -0.000401 
52 -186.681468 0.000000 102.613314 99.944201 -0.000000 3.494095 -0.000105 
53 24.726880 0.000000 102.613314 99.987440 -0.000000 3.442295 -0.000934 
54 -80.977294 0.000000 205.226628 99.949358 -0.000000 3.487108 -0.000203 
55 -28.125207 0.000000 -51.306657 99.865320 0.000000 3.499845 0.001467 
56 -80.977294 0.000000 -51.306657 99.919420 0.000000 3.506609 0.000381 
57 -28.125207 0.000000 -102.613314 99.902141 0.000000 3.479871 0.000745 
58 24.726880 0.000000 -51.306657 99.811739 0.000000 3.354336 0.002637 
59 -28.125207 0.000000 0.000000 99.940441 -0.000000 3.619027 -0.000119 
60 130.431053 0.000000 102.613314 99.957903 -0.000000 3.401189 -0.000315 
61 236.135227 0.000000 102.613314 99.946426 -0.000000 3.397299 -0.000083 
62 130.431053 0.000000 205.226628 99.949274 -0.000000 3.464996 -0.000186 
63 77.578967 0.000000 -51.306657 99.895503 0.000000 3.293864 0.001004 
64 77.578967 0.000000 -102.613314 99.908465 0.000000 3.415366 0.000663 
65 130.431053 0.000000 -51.306657 99.929224 0.000000 3.305338 0.000322 
66 77.578967 0.000000 0.000000 99.950864 0.000000 2.986200 0.000091 
67 -28.125207 0.000000 51.306657 100.014987 -0.000000 3.499213 -0.001524 
68 -80.977294 0.000000 51.306657 99.959769 -0.000000 3.506416 -0.000425 
69 24.726880 0.000000 51.306657 100.071393 -0.000000 3.351487 -0.002552 
70 -28.125207 0.000000 102.613314 99.977414 -0.000000 3.479197 -0.000759 
71 -1.699164 0.000000 -25.653328 99.656608 0.000000 3.454188 0.005663 
72 -28.125207 0.000000 -25.653328 99.852128 0.000000 3.551321 0.001694 
73 -1.699164 0.000000 -51.306657 99.815694 0.000000 3.446414 0.002495 
74 24.726880 0.000000 -25.653328 99.700294 0.000000 3.142562 0.004998 
75 -1.699164 0.000000 0.000000 99.942665 0.000000 -0.000000 0.001146 
76 77.578967 0.000000 51.306657 99.991279 -0.000000 3.284169 -0.000904 
77 130.431053 0.000000 51.306657 99.959701 -0.000000 3.285507 -0.000274 
78 77.578967 0.000000 102.613314 99.973234 -0.000000 3.411398 -0.000629 
79 51.152923 0.000000 -25.653328 99.851907 0.000000 3.126426 0.001982 
80 51.152923 0.000000 -51.306657 99.856763 0.000000 3.303024 0.001772 
81 77.578967 0.000000 -25.653328 99.908414 0.000000 3.160015 0.000832 
82 51.152923 0.000000 0.000000 99.948896 0.000000 2.901385 0.000180 
83 -1.699164 0.000000 25.653328 100.225939 -0.000000 3.453115 -0.005716 
84 -28.125207 0.000000 25.653328 100.028571 -0.000000 3.550914 -0.001832 
85 24.726880 0.000000 25.653328 100.185749 -0.000000 3.138962 -0.004704 
86 -1.699164 0.000000 51.306657 100.065752 -0.000000 3.445100 -0.002502 
87 11.513858 0.000000 -12.826664 99.942749 0.000000 -0.000000 0.001145 
88 -1.699164 0.000000 -12.826664 99.942356 -0.000000 -0.000000 0.001153 
89 11.513858 0.000000 -25.653328 99.617369 0.000000 3.267009 0.006571 
90 24.726880 0.000000 -12.826664 99.681322 0.000000 2.841580 0.005556 
91 11.513858 0.000000 0.000000 99.942775 0.000000 -0.000000 0.001144 
92 -609.498163 0.000000 -205.226628 99.938676 0.000000 3.490561 0.000008 
93 -820.906511 0.000000 -205.226628 99.938904 0.000000 3.490328 0.000003 
94 -609.498163 0.000000 -410.453256 99.938513 0.000000 3.490271 0.000011 
95 -609.498163 0.000000 0.000000 99.939108 -0.000000 3.490717 -0.000001 
96 -292.385642 0.000000 -102.613314 99.937438 0.000000 3.492411 0.000031 
97 -398.089816 0.000000 -102.613314 99.938358 0.000000 3.491475 0.000013 
98 -292.385642 0.000000 -205.226628 99.936791 0.000000 3.491241 0.000045 
99 -292.385642 0.000000 0.000000 99.939174 -0.000000 3.493046 -0.000004 
100 -133.829381 0.000000 -51.306657 99.932318 0.000000 3.499829 0.000128 
101 -186.681468 0.000000 -51.306657 99.936117 0.000000 3.496110 0.000055 
102 -133.829381 0.000000 -102.613314 99.929264 0.000000 3.495821 0.000192 
103 -133.829381 0.000000 0.000000 99.939386 -0.000000 3.502549 -0.000015 
104 -54.551251 0.000000 -25.653328 99.910987 0.000000 3.527740 0.000535 
105 -80.977294 0.000000 -25.653328 99.926682 0.000000 3.514538 0.000231 
106 -54.551251 0.000000 -51.306657 99.901931 0.000000 3.508876 0.000729 
107 -54.551251 0.000000 0.000000 99.939921 -0.000000 3.542122 -0.000053 
108 -14.912186 0.000000 -12.826664 99.768904 0.000000 3.650861 0.003284 
109 -28.125207 0.000000 -12.826664 99.876343 0.000000 3.594702 0.001179 
110 -14.912186 0.000000 -25.653328 99.773712 0.000000 3.543609 0.003265 
111 -14.912186 0.000000 0.000000 99.940904 -0.000000 3.766191 -0.000237 
112 51.152923 0.000000 25.653328 100.038081 -0.000000 3.116948 -0.001733 
113 77.578967 0.000000 25.653328 99.984519 -0.000000 3.142470 -0.000678 
114 51.152923 0.000000 51.306657 100.028309 -0.000000 3.297351 -0.001654 
115 11.513858 0.000000 12.826664 99.942749 0.000000 -0.000000 0.001145 
116 -1.699164 0.000000 12.826664 99.942356 -0.000000 -0.000000 0.001153 
117 24.726880 0.000000 12.826664 100.207276 -0.000000 2.837752 -0.004955 
118 11.513858 0.000000 25.653328 100.266725 -0.000000 3.265059 -0.006408 
119 4.907347 0.000000 -6.413332 99.942701 0.000000 -0.000000 0.001146 
120 -1.699164 0.000000 -6.413332 99.942678 0.000000 -0.000000 0.001146 
121 4.907347 0.000000 -12.826664 99.942717 0.000000 -0.000000 0.001145 
122 11.513858 0.000000 -6.413332 99.942762 0.000000 -0.000000 0.001144 
123 4.907347 0.000000 0.000000 99.942751 0.000000 -0.000000 0.001145 
124 -609.498163 0.000000 205.226628 99.939536 -0.000000 3.490554 -0.000009 
125 -820.906511 0.000000 205.226628 99.939289 -0.000000 3.490324 -0.000004 
126 -609.498163 0.000000 410.453256 99.939691 -0.000000 3.490260 -0.000012 
127 -292.385642 0.000000 102.613314 99.940899 -0.000000 3.492386 -0.000038 
128 -398.089816 0.000000 102.613314 99.939911 -0.000000 3.491464 -0.000018 
129 -292.385642 0.000000 205.226628 99.941519 -0.000000 3.491201 -0.000050 
130 -133.829381 0.000000 51.306657 99.946424 -0.000000 3.499749 -0.000154 
131 -186.681468 0.000000 51.306657 99.942411 -0.000000 3.496071 -0.000071 
132 -133.829381 0.000000 102.613314 99.949401 -0.000000 3.495690 -0.000210 
133 -54.551251 0.000000 25.653328 99.968790 -0.000000 3.527546 -0.000620 
134 -80.977294 0.000000 25.653328 99.952586 -0.000000 3.514431 -0.000287 
135 -54.551251 0.000000 51.306657 99.977682 -0.000000 3.508543 -0.000785 
136 -14.912186 0.000000 12.826664 100.112803 -0.000000 3.650501 -0.003590 
137 -28.125207 0.000000 12.826664 100.004489 -0.000000 3.594481 -0.001382 
138 -14.912186 0.000000 25.653328 100.107743 -0.000000 3.542972 -0.003411 
1 1 12 10 11 
2 12 7 13 10 
3 7 16 15 13 
4 16 2 17 15 
5 15 17 8 18 
6 19 21 9 22 
7 20 19 22 4 
8 10 25 23 24 
9 25 13 26 23 
10 18 8 29 28 
11 28 29 3 30 
12 21 28 30 9 
13 13 32 31 26 
14 32 15 33 31 
15 31 33 18 34 
16 35 37 21 38 
17 36 35 38 19 
18 23 41 39 40 
19 41 26 42 39 
20 34 18 45 44 
21 44 45 28 46 
22 37 44 46 21 
23 26 48 47 42 
24 48 31 49 47 
25 47 49 34 50 
26 51 53 37 54 
27 52 51 54 35 
28 39 57 55 56 
29 57 42 58 55 
30 50 34 61 60 
31 60 61 44 62 
32 53 60 62 37 
33 42 64 63 58 
34 64 47 65 63 
35 63 65 50 66 
36 67 69 53 70 
37 68 67 70 51 
38 55 73 71 72 
39 73 58 74 71 
40 66 50 77 76 
41 76 77 60 78 
42 69 76 78 53 
43 58 80 79 74 
44 80 63 81 79 
45 79 81 66 82 
46 74 79 82 5 
47 83 85 69 86 
48 84 83 86 67 
49 71 89 87 88 
50 89 74 90 87 
51 87 90 5 91 
52 11 94 92 93 
53 94 10 24 92 
54 92 24 14 95 
55 93 92 95 6 
56 24 98 96 97 
57 98 23 40 96 
58 96 40 27 99 
59 97 96 99 14 
60 40 102 100 101 
61 102 39 56 100 
62 100 56 43 103 
63 101 100 103 27 
64 56 106 104 105 
65 106 55 72 104 
66 104 72 59 107 
67 105 104 107 43 
68 72 110 108 109 
69 110 71 88 108 
70 108 88 75 111 
71 109 108 111 59 
72 5 82 112 85 
73 82 66 113 112 
74 112 113 76 114 
75 85 112 114 69 
76 75 91 115 116 
77 91 5 117 115 
78 115 117 85 118 
79 116 115 118 83 
80 88 121 119 120 
81 121 87 122 119 
82 119 122 91 123 
83 120 119 123 75 
84 6 95 124 125 
85 95 14 36 124 
86 124 36 19 126 
87 125 124 126 20 
88 14 99 127 128 
89 99 27 52 127 
90 127 52 35 129 
91 128 127 129 36 
92 27 103 130 131 
93 103 43 68 130 
94 130 68 51 132 
95 131 130 132 52 
96 43 107 133 134 
97 107 59 84 133 
98 133 84 67 135 
99 134 133 135 68 
100 59 111 136 137 
101 111 75 116 136 
102 136 116 83 138 
103 137 136 138 84 
